60
39538770 -4.92846 1.56689 -5.08485 0 0.115 -4.76064
39551007 -4.89547 1.56308 -5.08326 0 0.115 -4.76064
39567141 -4.86249 1.55926 -5.08167 0 0.115 -4.76064
39584333 -4.82889 1.55538 -5.08004 0 0.115 -4.76064
39600426 -4.79645 1.55162 -5.07848 0 0.115 -4.76064
39617417 -4.76326 1.54779 -5.07687 0 0.115 -4.76064
39635044 -4.73012 1.54395 -5.07527 0 0.115 -4.75964
39651593 -4.69654 1.54007 -5.07369 0 0.115 -4.75964
39666965 -4.6645 1.53637 -5.07217 0 0.116 -4.75964
39683490 -4.63148 1.53251 -5.07061 0 0.117 -4.76064
39700761 -4.59732 1.52849 -5.06896 0 0.116 -4.76064
39717493 -4.56473 1.52469 -5.06739 0 0.116 -4.76064
39733298 -4.53265 1.52095 -5.06584 0 0.116 -4.76064
39750076 -4.49913 1.51704 -5.06422 0 0.116 -4.76064
39767771 -4.46599 1.51317 -5.06262 0 0.116 -4.76064
39783721 -4.43267 1.50929 -5.06101 0 0.116 -4.76064
39800777 -4.3988 1.50533 -5.05937 0 0.116 -4.76064
39817336 -4.36622 1.50153 -5.0578 0 0.116 -4.76064
39834271 -4.33329 1.49769 -5.05621 0 0.116 -4.76064
39851184 -4.29904 1.4937 -5.05456 0 0.116 -4.76064
39866740 -4.26802 1.49008 -5.05306 0 0.116 -4.76064
39883233 -4.23498 1.48622 -5.05147 0 0.116 -4.76064
39899934 -4.20184 1.48236 -5.04987 0 0.116 -4.76064
39916836 -4.16856 1.47847 -5.04826 0 0.116 -4.76064
39933351 -4.13547 1.47461 -5.04666 0 0.116 -4.76064
39950174 -4.10209 1.47072 -5.04505 0 0.116 -4.76064
39967364 -4.06902 1.46686 -5.04345 0 0.116 -4.76064
39983913 -4.03546 1.46295 -5.04183 0 0.116 -4.76064
40000283 -4.00289 1.45915 -5.04026 0 0.116 -4.76064
40017250 -3.96925 1.45522 -5.03863 0 0.116 -4.76064
40033800 -3.93696 1.45146 -5.03708 0 0.116 -4.76064
40050911 -3.90308 1.4475 -5.03544 0 0.116 -4.76064
40066903 -3.87089 1.44375 -5.03389 0 0.116 -4.76064
40084107 -3.83727 1.43983 -5.03226 0 0.116 -4.76064
40100471 -3.80453 1.43601 -5.03068 0 0.116 -4.76064
40116955 -3.77144 1.43215 -5.02908 0 0.116 -4.76064
40133785 -3.73822 1.42827 -5.02748 0 0.116 -4.76064
40150223 -3.70534 1.42444 -5.02589 0 0.116 -4.76064
40166917 -3.67227 1.42058 -5.02429 0 0.116 -4.76064
40183592 -3.63921 1.41672 -5.0227 0 0.116 -4.76064
40203180 -3.63921 1.41672 -5.0227 0 0.116 -4.76064
40216851 -3.63921 1.41672 -5.0227 0 0.116 -4.76064
40235850 -3.63921 1.41672 -5.0227 0 0.116 -4.76064
40250267 -3.63921 1.41672 -5.0227 0 0.116 -4.76064
40267730 -3.63921 1.41672 -5.0227 0 0.116 -4.76064
40284472 -3.63921 1.41672 -5.0227 0 0.116 -4.76064
40300511 -3.63921 1.41672 -5.0227 0 0.116 -4.76064
40318376 -3.63921 1.41672 -5.0227 0 0.116 -4.76064
40333983 -3.63921 1.41672 -5.0227 0 0.116 -4.76064
40350124 -3.63921 1.41672 -5.0227 0 0.116 -4.76064
40367018 -3.63921 1.41672 -5.0227 0 0.116 -4.76064
40383956 -3.63921 1.41672 -5.0227 0 0.116 -4.76064
40400079 -3.63921 1.41672 -5.0227 0 0.116 -4.76064
40416866 -3.63921 1.41672 -5.0227 0 0.116 -4.76064
40433880 -3.63921 1.41672 -5.0227 0 0.116 -4.76064
40451827 -3.63921 1.41672 -5.0227 0 0.116 -4.76064
40467171 -3.63921 1.41672 -5.0227 0 0.116 -4.76064
40483831 -3.63921 1.41672 -5.0227 0 0.116 -4.76064
40501000 -3.63921 1.41672 -5.0227 0 0.116 -4.76064
40517429 -3.63921 1.41672 -5.0227 0 0.116 -4.76064
