60
274166383 -1.13716 1.27463 0.943928 0 0.213008 -20.6055
274172622 -1.15052 1.27169 0.941427 0 0.211008 -20.6035
274179787 -1.16397 1.26876 0.938935 0 0.209008 -20.6005
274186757 -1.17744 1.26585 0.936481 0 0.206008 -20.5985
274194569 -1.19089 1.263 0.934059 0 0.205008 -20.5985
274200570 -1.20416 1.26019 0.931669 0 0.204008 -20.5965
274207805 -1.21787 1.25731 0.929229 0 0.202008 -20.5955
274215626 -1.23102 1.25458 0.926903 0 0.198008 -20.5935
274222349 -1.24445 1.25184 0.924553 0 0.196008 -20.5915
274228388 -1.25789 1.24913 0.922229 0 0.195008 -20.5905
274236568 -1.27116 1.24647 0.91995 0 0.195008 -20.5905
274242598 -1.28451 1.2438 0.917657 0 0.193008 -20.5885
274249238 -1.298 1.24112 0.915366 0 0.192008 -20.5875
274256807 -1.3115 1.23846 0.913089 0 0.189008 -20.5865
274263923 -1.32488 1.23587 0.910845 0 0.189008 -20.5865
274270668 -1.33838 1.23325 0.90858 0 0.189008 -20.5865
274276928 -1.35185 1.23064 0.906322 0 0.187008 -20.5845
274283915 -1.36532 1.22805 0.90409 0 0.186008 -20.5815
274290726 -1.37871 1.2255 0.901913 0 0.185008 -20.5795
274297793 -1.3923 1.22292 0.899732 0 0.184008 -20.5775
274304498 -1.4055 1.22044 0.89764 0 0.183008 -20.5745
274311579 -1.41899 1.21791 0.895543 0 0.181008 -20.5715
274318701 -1.43283 1.21535 0.893436 0 0.180008 -20.5695
274325551 -1.44625 1.21288 0.89142 0 0.179008 -20.5675
274332441 -1.45981 1.2104 0.88941 0 0.178008 -20.5635
274339546 -1.47322 1.20796 0.887476 0 0.177008 -20.5615
274346405 -1.48676 1.20551 0.885552 0 0.177008 -20.5595
274353445 -1.5003 1.20307 0.883656 0 0.175008 -20.5555
274360339 -1.51395 1.20063 0.881799 0 0.174008 -20.5535
274367719 -1.52756 1.19822 0.879977 0 0.172008 -20.5505
274374052 -1.54096 1.19587 0.878223 0 0.170008 -20.5475
274381133 -1.55475 1.19348 0.87646 0 0.169008 -20.5435
274388146 -1.56813 1.19118 0.874804 0 0.168008 -20.5405
274395013 -1.58187 1.18884 0.873145 0 0.166008 -20.5375
274401985 -1.59532 1.18657 0.871562 0 0.165008 -20.5345
274409664 -1.60901 1.18427 0.869993 0 0.163008 -20.5295
274416013 -1.62261 1.18202 0.868502 0 0.162008 -20.5265
274422870 -1.6362 1.17979 0.867055 0 0.159008 -20.5195
274429979 -1.65016 1.17754 0.865665 0 0.157008 -20.5155
274436747 -1.66385 1.17536 0.864358 0 0.156008 -20.5115
274444607 -1.67923 1.17293 0.862953 0 0.155008 -20.5075
274450589 -1.69075 1.17113 0.861946 0 0.154008 -20.5045
274457360 -1.70436 1.16901 0.860798 0 0.152008 -20.5015
274464393 -1.71817 1.16688 0.859675 0 0.151008 -20.4985
274471159 -1.73157 1.16484 0.858625 0 0.150008 -20.4955
274478097 -1.74537 1.16275 0.857587 0 0.149008 -20.4935
274485126 -1.75904 1.16069 0.856585 0 0.148008 -20.4915
274492055 -1.7728 1.15863 0.855604 0 0.147008 -20.4885
274499101 -1.78652 1.1566 0.854668 0 0.147008 -20.4855
274505910 -1.80018 1.15457 0.853777 0 0.145008 -20.4835
274512878 -1.8139 1.15256 0.852909 0 0.145008 -20.4805
274520145 -1.82796 1.1505 0.852062 0 0.143008 -20.4785
274527043 -1.84155 1.14854 0.851271 0 0.142008 -20.4765
274534075 -1.85543 1.14656 0.850491 0 0.140008 -20.4735
274540717 -1.86899 1.14464 0.84977 0 0.138008 -20.4685
274547784 -1.88287 1.14271 0.849101 0 0.136008 -20.4655
274554679 -1.89648 1.14085 0.848486 0 0.136008 -20.4635
274561644 -1.91026 1.13896 0.847891 0 0.134008 -20.4605
274568498 -1.92389 1.13712 0.847344 0 0.134008 -20.4585
274575541 -1.9378 1.13524 0.846813 0 0.134008 -20.4565
