60
445088092 -1.32035 6.3748 -3.98132 0 -99.9591 -11.8794
445093795 -1.31281 6.36715 -3.97213 0 -99.9591 -11.8774
445103461 -1.3049 6.35915 -3.96253 0 -99.9581 -11.8754
445110246 -1.29803 6.35219 -3.95422 0 -99.9581 -11.8744
445114765 -1.29036 6.34444 -3.94497 0 -99.9581 -11.8734
445121627 -1.28318 6.33719 -3.93632 0 -99.9581 -11.8724
445128334 -1.27571 6.32966 -3.92735 0 -99.9581 -11.8714
445135417 -1.26825 6.32214 -3.91839 0 -99.9581 -11.8704
445143014 -1.2601 6.31394 -3.90864 0 -99.9581 -11.8674
445149178 -1.25338 6.30721 -3.90065 0 -99.9581 -11.8664
445155979 -1.24593 6.29975 -3.8918 0 -99.9581 -11.8644
445162960 -1.23835 6.29218 -3.88284 0 -99.9581 -11.8614
445169902 -1.23088 6.28474 -3.87405 0 -99.9591 -11.8574
445177232 -1.22323 6.27718 -3.86514 0 -99.9591 -11.8574
445183717 -1.21563 6.26967 -3.85628 0 -99.9621 -11.8534
445191714 -1.20794 6.26215 -3.84738 0 -99.9621 -11.8534
445199165 -1.20024 6.25462 -3.83848 0 -99.9631 -11.8524
445204622 -1.19253 6.24711 -3.82958 0 -99.9651 -11.8484
445211852 -1.1848 6.23965 -3.82073 0 -99.9681 -11.8454
445218727 -1.17712 6.23231 -3.812 0 -99.9711 -11.8434
445226107 -1.16862 6.22426 -3.80236 0 -99.9751 -11.8414
445232327 -1.1616 6.21768 -3.79443 0 -99.9781 -11.8404
445239370 -1.15364 6.21028 -3.78547 0 -99.9811 -11.8394
445246307 -1.14568 6.20294 -3.77652 0 -99.9871 -11.8394
445253323 -1.13792 6.19587 -3.76779 0 -99.9921 -11.8404
445260393 -1.12996 6.18871 -3.75883 0 -99.9971 -11.8404
445267234 -1.12194 6.18157 -3.74979 0 -100.003 -11.8414
445274257 -1.11409 6.17466 -3.74093 0 -100.008 -11.8424
445281011 -1.10611 6.16772 -3.73191 0 -100.013 -11.8434
445287846 -1.09818 6.16089 -3.72291 0 -100.018 -11.8444
445294873 -1.09007 6.15398 -3.71371 0 -100.023 -11.8454
445301857 -1.08208 6.14724 -3.70461 0 -100.029 -11.8464
445311717 -1.0733 6.13994 -3.69461 0 -100.03 -11.8464
445315703 -1.06606 6.13392 -3.68635 0 -100.036 -11.8474
445322977 -1.05778 6.12714 -3.67689 0 -100.045 -11.8474
445329755 -1.04977 6.12071 -3.66774 0 -100.054 -11.8474
445336833 -1.04159 6.1143 -3.65839 0 -100.064 -11.8474
445345471 -1.03364 6.10822 -3.64931 0 -100.066 -11.8474
445350552 -1.02532 6.10188 -3.63981 0 -100.074 -11.8454
445357454 -1.01722 6.09585 -3.63059 0 -100.083 -11.8414
445365451 -1.00872 6.08969 -3.621 0 -100.092 -11.8384
445372535 -1.00057 6.08394 -3.61185 0 -100.099 -11.8354
445379102 -0.992061 6.07806 -3.60236 0 -100.1 -11.8354
445387246 -0.983621 6.07225 -3.59295 0 -100.1 -11.8344
445392564 -0.974752 6.06615 -3.58307 0 -100.106 -11.8314
445399356 -0.96669 6.06071 -3.57415 0 -100.11 -11.8284
445406704 -0.958254 6.0551 -3.56488 0 -100.11 -11.8284
445412998 -0.949715 6.04942 -3.55549 0 -100.114 -11.8274
445420256 -0.941218 6.04383 -3.54616 0 -100.119 -11.8254
445427326 -0.93251 6.03819 -3.53664 0 -100.119 -11.8254
445434827 -0.923921 6.03263 -3.52726 0 -100.119 -11.8254
445440772 -0.915363 6.0271 -3.5179 0 -100.121 -11.8254
445447707 -0.906716 6.02153 -3.50845 0 -100.124 -11.8244
445454825 -0.898201 6.0161 -3.49916 0 -100.127 -11.8234
445461541 -0.889495 6.0106 -3.48968 0 -100.13 -11.8224
445468417 -0.880909 6.00522 -3.48036 0 -100.131 -11.8224
445476049 -0.871629 5.99943 -3.47027 0 -100.133 -11.8224
445482765 -0.863322 5.99428 -3.46125 0 -100.133 -11.8214
445490697 -0.854138 5.98858 -3.45129 0 -100.134 -11.8214
445496334 -0.845911 5.9835 -3.44237 0 -100.135 -11.8214
