60
177043378 2.24424 5.84148 1.25497 0 0.0210001 -10.9805
177049294 2.2584 5.84118 1.25476 0 0.0210001 -10.9805
177056279 2.27208 5.84089 1.25455 0 0.0210001 -10.9805
177063114 2.28603 5.8406 1.25434 0 0.0210001 -10.9805
177070310 2.29982 5.84031 1.25413 0 0.0210001 -10.9805
177076864 2.31352 5.84002 1.25393 0 0.0210001 -10.9805
177084105 2.32778 5.83972 1.25371 0 0.0210001 -10.9805
177090796 2.34137 5.83944 1.25351 0 0.0210001 -10.9805
177098144 2.35545 5.83914 1.25329 0 0.0210001 -10.9805
177104679 2.36914 5.83885 1.25309 0 0.0210001 -10.9805
177111893 2.3831 5.83856 1.25288 0 0.0210001 -10.9805
177118716 2.39719 5.83827 1.25266 0 0.0210001 -10.9805
177125653 2.41069 5.83798 1.25246 0 0.0210001 -10.9805
177132625 2.42501 5.83768 1.25224 0 0.0210001 -10.9805
177139541 2.43859 5.8374 1.25204 0 0.0210001 -10.9815
177146318 2.45239 5.83711 1.25184 0 0.0210001 -10.9825
177153693 2.46641 5.83681 1.25166 0 0.0210001 -10.9825
177160245 2.48023 5.83652 1.25148 0 0.0210001 -10.9825
177167964 2.49405 5.83623 1.2513 0 0.0210001 -10.9825
177174155 2.50782 5.83594 1.25112 0 0.0210001 -10.9835
177181584 2.52193 5.83565 1.25095 0 0.0210001 -10.9835
177190090 2.53592 5.83535 1.25078 0 0.0210001 -10.9835
177195106 2.54993 5.83506 1.25061 0 0.0210001 -10.9835
177202315 2.56396 5.83476 1.25044 0 0.0210001 -10.9835
177209019 2.57774 5.83447 1.25027 0 0.0210001 -10.9835
177216154 2.59162 5.83418 1.2501 0 0.0210001 -10.9835
177222918 2.60553 5.83389 1.24993 0 0.0210001 -10.9835
177230173 2.61966 5.83359 1.24976 0 0.0210001 -10.9835
177236794 2.63327 5.83331 1.2496 0 0.0210001 -10.9835
177245447 2.65017 5.83295 1.24939 0 0.0210001 -10.9835
177250541 2.66076 5.83273 1.24927 0 0.0210001 -10.9835
177257606 2.67463 5.83244 1.2491 0 0.0210001 -10.9835
177264431 2.68853 5.83215 1.24893 0 0.0210001 -10.9835
177271673 2.70256 5.83185 1.24876 0 0.0210001 -10.9835
177278372 2.71641 5.83156 1.24859 0 0.0210001 -10.9835
177285364 2.73017 5.83127 1.24843 0 0.0210001 -10.9835
177291972 2.74361 5.83099 1.24826 0 0.0210001 -10.9835
177299097 2.75765 5.83069 1.24809 0 0.0210001 -10.9835
177306095 2.77184 5.8304 1.24792 0 0.0210001 -10.9835
177313149 2.78566 5.83011 1.24776 0 0.0210001 -10.9835
177320310 2.79986 5.82981 1.24758 0 0.0210001 -10.9845
177327127 2.81352 5.82952 1.24743 0 0.0210001 -10.9845
177334456 2.82767 5.82922 1.24727 0 0.0220001 -10.9855
177341587 2.84125 5.82892 1.24714 0 0.0230001 -10.9855
177347906 2.85521 5.8286 1.247 0 0.0230001 -10.9875
177355099 2.86901 5.82829 1.24688 0 0.0230001 -10.9875
177363014 2.8829 5.82797 1.24677 0 0.0230001 -10.9875
177368747 2.89664 5.82765 1.24666 0 0.0240001 -10.9895
177375798 2.91054 5.82732 1.24658 0 0.0240001 -10.9915
177382865 2.92451 5.82698 1.24652 0 0.0250001 -10.9945
177389692 2.93826 5.82664 1.2465 0 0.0250001 -10.9965
177396679 2.95234 5.82628 1.24652 0 0.0260001 -10.9995
177403815 2.96631 5.82592 1.24657 0 0.0270001 -11.0015
177410471 2.98013 5.82555 1.24665 0 0.0270001 -11.0025
177417398 2.99398 5.82517 1.24675 0 0.0280001 -11.0055
177424158 3.00756 5.82479 1.24688 0 0.0280001 -11.0085
177432005 3.02186 5.82439 1.24707 0 0.0280001 -11.0085
177438558 3.03565 5.82401 1.24725 0 0.0280001 -11.0125
177445885 3.04954 5.82362 1.24748 0 0.0280001 -11.0155
177452060 3.06313 5.82324 1.24775 0 0.0280001 -11.0195
