60
530911992 2.55735 1.953 -1.23258 0 -100.369 -11.4973
530918477 2.57591 1.95078 -1.23812 0 -100.376 -11.5163
530925635 2.59518 1.94859 -1.24347 0 -100.383 -11.5333
530934194 2.61415 1.94654 -1.24837 0 -100.385 -11.5383
530939407 2.63297 1.94454 -1.25314 0 -100.39 -11.5523
530947960 2.65244 1.94255 -1.25777 0 -100.4 -11.5793
530953273 2.67066 1.94083 -1.26158 0 -100.41 -11.6013
530960250 2.69031 1.93913 -1.26522 0 -100.417 -11.6243
530968819 2.7098 1.93754 -1.26836 0 -100.418 -11.6273
530974325 2.72935 1.93597 -1.27145 0 -100.426 -11.6463
530981850 2.74891 1.93451 -1.27416 0 -100.434 -11.6723
530987980 2.76787 1.9332 -1.27627 0 -100.439 -11.6973
530996520 2.78785 1.93191 -1.27799 0 -100.439 -11.6993
531002559 2.80678 1.93068 -1.27957 0 -100.443 -11.7193
531008756 2.82658 1.92945 -1.28083 0 -100.447 -11.7413
531017109 2.84599 1.9283 -1.28164 0 -100.447 -11.7683
531022765 2.86575 1.92713 -1.28192 0 -100.447 -11.7843
531029573 2.8851 1.92599 -1.28189 0 -100.446 -11.8063
531037885 2.90465 1.92482 -1.28143 0 -100.446 -11.8073
531043514 2.9243 1.92365 -1.28095 0 -100.443 -11.8173
531050501 2.94419 1.92241 -1.28026 0 -100.439 -11.8283
531059816 2.96379 1.92115 -1.27937 0 -100.438 -11.8293
531064307 2.98313 1.91988 -1.27848 0 -100.435 -11.8343
531071555 3.00285 1.91854 -1.27747 0 -100.43 -11.8413
531078350 3.02254 1.91714 -1.27633 0 -100.423 -11.8463
531085884 3.04204 1.91566 -1.27511 0 -100.416 -11.8513
531092013 3.0613 1.91409 -1.27382 0 -100.409 -11.8553
531099912 3.08104 1.91239 -1.27242 0 -100.409 -11.8553
531106694 3.10041 1.9245 -1.27105 0 -100.399 -11.8623
531112933 3.12006 1.93667 -1.26953 0 -100.389 -11.8673
531120107 3.13926 1.94842 -1.26797 0 -100.378 -11.8743
531126895 3.1589 1.96031 -1.26624 0 -100.366 -11.8823
531134010 3.17855 1.97207 -1.26438 0 -100.355 -11.8893
531141009 3.19784 1.98347 -1.26243 0 -100.344 -11.8943
531147793 3.217 1.99467 -1.26042 0 -100.336 -11.8983
531155050 3.23631 2.00585 -1.25833 0 -100.329 -11.9003
531162468 3.25643 2.01741 -1.25612 0 -100.319 -11.9013
531169615 3.27484 2.02787 -1.25411 0 -100.313 -11.9013
531176537 3.2943 2.03886 -1.25199 0 -100.312 -11.9013
531183695 3.31382 2.04986 -1.24986 0 -100.303 -11.8973
531190041 3.33296 2.06054 -1.24788 0 -100.299 -11.8943
531196423 3.3524 2.07133 -1.24593 0 -100.295 -11.8913
531203298 3.37151 2.08188 -1.24408 0 -100.291 -11.8893
531210066 3.39044 2.09228 -1.2423 0 -100.287 -11.8873
531218389 3.41022 2.1031 -1.24049 0 -100.281 -11.8843
531224035 3.42932 2.11347 -1.23881 0 -100.278 -11.8833
531231240 3.44861 2.1239 -1.23714 0 -100.273 -11.8833
531238199 3.4677 2.13417 -1.2355 0 -100.267 -11.8833
531244901 3.48696 2.14445 -1.23387 0 -100.262 -11.8833
531251938 3.50619 2.15466 -1.23224 0 -100.254 -11.8873
531258775 3.52537 2.16475 -1.23057 0 -100.247 -11.8923
531267976 3.54439 2.17467 -1.22883 0 -100.246 -11.8923
531272659 3.56356 2.18466 -1.22709 0 -100.241 -11.9033
531279629 3.58297 2.19472 -1.22512 0 -100.232 -11.9183
531286660 3.6019 2.20445 -1.22294 0 -100.227 -11.9333
531293624 3.6211 2.21427 -1.22045 0 -100.222 -11.9503
531300591 3.64013 2.22397 -1.21766 0 -100.218 -11.9693
531308030 3.65889 2.23351 -1.21457 0 -100.214 -11.9973
531314444 3.67783 2.24314 -1.21091 0 -100.212 -12.0213
531322135 3.69644 2.25263 -1.20685 0 -100.212 -12.0213
