60
242771264 -3.07085 0.623427 -0.0240017 0 -0.127994 -13.8185
242777233 -3.05805 0.621693 -0.0282233 0 -0.127994 -13.8195
242784474 -3.04518 0.619948 -0.0324582 0 -0.127994 -13.8205
242791037 -3.03205 0.61817 -0.0367599 0 -0.127994 -13.8215
242798315 -3.0187 0.616363 -0.0411186 0 -0.126994 -13.8215
242805106 -3.00551 0.614591 -0.0454268 0 -0.125994 -13.8215
242813144 -2.99253 0.612862 -0.0496653 0 -0.125994 -13.8215
242818921 -2.97945 0.611119 -0.053937 0 -0.125994 -13.8215
242826243 -2.9664 0.60938 -0.0581996 0 -0.125994 -13.8215
242832715 -2.95344 0.607653 -0.0624331 0 -0.125994 -13.8215
242839828 -2.94027 0.605899 -0.066732 0 -0.125994 -13.8215
242846640 -2.92717 0.604153 -0.0710105 0 -0.125994 -13.8215
242853732 -2.91401 0.6024 -0.0753082 0 -0.125994 -13.8215
242860519 -2.90099 0.600665 -0.0795596 0 -0.125994 -13.8215
242867599 -2.88787 0.598916 -0.0838461 0 -0.125994 -13.8215
242874544 -2.87454 0.59714 -0.0881992 0 -0.125994 -13.8215
242881516 -2.86161 0.595417 -0.0924229 0 -0.125994 -13.8215
242888305 -2.8486 0.593684 -0.09667 0 -0.125994 -13.8215
242895349 -2.83551 0.591939 -0.100947 0 -0.125994 -13.8215
242902195 -2.82239 0.590191 -0.105231 0 -0.125994 -13.8215
242909308 -2.80919 0.588432 -0.109543 0 -0.125994 -13.8215
242916107 -2.79615 0.586694 -0.113801 0 -0.125994 -13.8215
242923040 -2.78327 0.584979 -0.118005 0 -0.125994 -13.8215
242930008 -2.76993 0.583201 -0.122363 0 -0.125994 -13.8215
242937105 -2.75676 0.581446 -0.126663 0 -0.125994 -13.8215
242943886 -2.74376 0.579713 -0.130911 0 -0.125994 -13.8215
242950981 -2.73058 0.577958 -0.135213 0 -0.125994 -13.8215
242958028 -2.71711 0.576162 -0.139614 0 -0.125994 -13.8215
242965191 -2.70437 0.574464 -0.143775 0 -0.125994 -13.8215
242971825 -2.69106 0.572692 -0.148119 0 -0.125994 -13.8215
242979957 -2.6783 0.570991 -0.152289 0 -0.125994 -13.8215
242985727 -2.66484 0.569198 -0.156683 0 -0.125994 -13.8215
242992827 -2.65165 0.567441 -0.16099 0 -0.125994 -13.8215
242999329 -2.63918 0.565779 -0.165063 0 -0.125994 -13.8215
243006569 -2.626 0.564023 -0.169368 0 -0.125994 -13.8215
243013420 -2.61261 0.562238 -0.173742 0 -0.125994 -13.8215
243020444 -2.59958 0.560502 -0.177997 0 -0.125994 -13.8215
243027217 -2.58658 0.55877 -0.182241 0 -0.125994 -13.8215
243035259 -2.57342 0.557017 -0.186539 0 -0.125994 -13.8215
243041055 -2.56048 0.555293 -0.190765 0 -0.125994 -13.8215
243048251 -2.54713 0.553513 -0.195125 0 -0.125994 -13.8215
243054993 -2.5342 0.55179 -0.19935 0 -0.125994 -13.8215
243062034 -2.52115 0.550051 -0.203611 0 -0.125994 -13.8215
243068876 -2.50801 0.548301 -0.207902 0 -0.125994 -13.8215
243075955 -2.49488 0.546551 -0.212189 0 -0.125994 -13.8215
243082782 -2.48178 0.544806 -0.216467 0 -0.125994 -13.8215
243089803 -2.46875 0.543069 -0.220725 0 -0.125994 -13.8215
243096679 -2.45557 0.541313 -0.225028 0 -0.125994 -13.8215
243103784 -2.44241 0.539559 -0.229326 0 -0.125994 -13.8215
243110508 -2.42949 0.537838 -0.233545 0 -0.125994 -13.8215
243117630 -2.41627 0.536077 -0.237862 0 -0.125994 -13.8215
243124412 -2.40327 0.534344 -0.242107 0 -0.125994 -13.8215
243131645 -2.39002 0.532579 -0.246435 0 -0.125994 -13.8215
243138336 -2.37701 0.530845 -0.250685 0 -0.125994 -13.8215
243145365 -2.36394 0.529103 -0.254952 0 -0.125994 -13.8215
243152199 -2.35085 0.52736 -0.259226 0 -0.125994 -13.8215
243159325 -2.3377 0.525607 -0.263521 0 -0.125994 -13.8215
243166295 -2.32427 0.523818 -0.267907 0 -0.125994 -13.8215
243173240 -2.31142 0.522105 -0.272105 0 -0.125994 -13.8215
243179994 -2.29843 0.520374 -0.276347 0 -0.125994 -13.8215
