60
199376763 -3.57832 1.64998 -2.55394 0 0.0900075 -11.1395
199382299 -3.56468 1.64874 -2.55196 0 0.0900075 -11.1405
199389179 -3.55111 1.6475 -2.54998 0 0.0910075 -11.1425
199396293 -3.53743 1.64624 -2.54796 0 0.0920075 -11.1445
199403187 -3.52342 1.64493 -2.54586 0 0.0930075 -11.1465
199410068 -3.50983 1.64365 -2.54379 0 0.0940076 -11.1495
199417837 -3.49629 1.64236 -2.54169 0 0.0970076 -11.1535
199423980 -3.48262 1.64101 -2.53951 0 0.0980076 -11.1575
199431024 -3.46888 1.63964 -2.53727 0 0.102008 -11.1635
199439325 -3.45555 1.63826 -2.53501 0 0.102008 -11.1645
199445189 -3.44092 1.63674 -2.53251 0 0.106008 -11.1715
199452163 -3.4278 1.63532 -2.53018 0 0.111008 -11.1805
199459376 -3.41459 1.63382 -2.52771 0 0.116008 -11.1885
199466456 -3.40112 1.63222 -2.52508 0 0.116008 -11.1885
199472486 -3.38755 1.63061 -2.52243 0 0.119008 -11.1965
199480887 -3.37401 1.62896 -2.51967 0 0.123008 -11.2035
199486533 -3.36057 1.62726 -2.51684 0 0.125008 -11.2065
199493372 -3.34703 1.62552 -2.51394 0 0.129008 -11.2145
199500543 -3.33354 1.62373 -2.51094 0 0.130008 -11.2185
199507322 -3.32021 1.62194 -2.50792 0 0.131008 -11.2225
199514161 -3.30673 1.62012 -2.5048 0 0.133008 -11.2245
199521087 -3.29347 1.6183 -2.50171 0 0.134008 -11.2275
199528708 -3.27919 1.61632 -2.49834 0 0.134008 -11.2285
199535194 -3.26651 1.61456 -2.49533 0 0.135008 -11.2305
199542153 -3.2531 1.61269 -2.49212 0 0.136008 -11.2315
199549084 -3.23986 1.61082 -2.48894 0 0.137008 -11.2335
199556035 -3.22647 1.60892 -2.48569 0 0.138008 -11.2365
199564267 -3.21303 1.607 -2.48239 0 0.140008 -11.2405
199570173 -3.19942 1.60502 -2.47899 0 0.142008 -11.2425
199578451 -3.18598 1.60304 -2.4756 0 0.143008 -11.2425
199584046 -3.17265 1.60106 -2.47224 0 0.144008 -11.2475
199596001 -3.15953 1.5991 -2.46886 0 0.144008 -11.2495
199599246 -3.14578 1.59704 -2.4653 0 0.145008 -11.2505
199611458 -3.13297 1.59511 -2.46196 0 0.145008 -11.2515
199615260 -3.11642 1.59261 -2.45763 0 0.145008 -11.2525
199620222 -3.10551 1.59096 -2.45476 0 0.146008 -11.2545
199625674 -3.09273 1.58902 -2.45138 0 0.147008 -11.2565
199632407 -3.07972 1.58702 -2.44791 0 0.148008 -11.2575
199639199 -3.06685 1.58504 -2.44445 0 0.148008 -11.2595
199646263 -3.05323 1.58293 -2.44077 0 0.148008 -11.2595
199654005 -3.04025 1.58093 -2.43727 0 0.148008 -11.2595
199659827 -3.02703 1.57889 -2.43369 0 0.148008 -11.2595
199667480 -3.01375 1.57684 -2.43011 0 0.148008 -11.2595
199673760 -3.00065 1.57481 -2.42656 0 0.149008 -11.2595
199680821 -2.98732 1.57274 -2.42297 0 0.149008 -11.2595
199687937 -2.97399 1.57067 -2.41936 0 0.149008 -11.2595
199695299 -2.95965 1.56844 -2.41549 0 0.149008 -11.2615
199701935 -2.94721 1.5665 -2.4121 0 0.150008 -11.2615
199709453 -2.93392 1.56442 -2.40848 0 0.152008 -11.2655
199718340 -2.92065 1.56231 -2.40481 0 0.152008 -11.2665
199722663 -2.90772 1.56025 -2.40122 0 0.153008 -11.2685
199730564 -2.89436 1.55811 -2.39748 0 0.154008 -11.2725
199738261 -2.88123 1.556 -2.39375 0 0.154008 -11.2745
199743612 -2.86805 1.55387 -2.38997 0 0.155008 -11.2765
199750363 -2.85492 1.55173 -2.38618 0 0.157008 -11.2805
199757313 -2.84185 1.54958 -2.38235 0 0.159008 -11.2835
199764428 -2.82839 1.54733 -2.37837 0 0.161008 -11.2855
199774645 -2.81539 1.54512 -2.37449 0 0.161008 -11.2865
199778789 -2.802 1.54285 -2.37048 0 0.161008 -11.2875
199785230 -2.789 1.54065 -2.36658 0 0.163008 -11.2895
