60
12183592 1.47388 1.39191 -1.06928 0 0.176 -1.19764
12192515 1.45733 1.38875 -1.0628 0 0.176 -1.19764
12197133 1.44832 1.38703 -1.05927 0 0.176 -1.19764
12204210 1.43567 1.38461 -1.05432 0 0.176 -1.19764
12211057 1.42279 1.38215 -1.04928 0 0.176 -1.19764
12218300 1.40984 1.37968 -1.04421 0 0.176 -1.19764
12224893 1.39742 1.3773 -1.03934 0 0.176 -1.19764
12232111 1.38456 1.37485 -1.03431 0 0.176 -1.19764
12238733 1.37204 1.37246 -1.02941 0 0.176 -1.19764
12245937 1.35917 1.37 -1.02437 0 0.176 -1.19764
12252601 1.34661 1.3676 -1.01945 0 0.176 -1.19764
12259843 1.33367 1.36513 -1.01439 0 0.176 -1.19764
12266478 1.32117 1.36274 -1.0095 0 0.176 -1.19764
12275794 1.30475 1.35961 -1.00306 0 0.176 -1.19764
12280481 1.29549 1.35784 -0.999441 0 0.176 -1.19764
12287533 1.28292 1.35544 -0.994518 0 0.176 -1.19764
12294613 1.26959 1.35289 -0.989299 0 0.176 -1.19764
12301731 1.25705 1.3505 -0.984389 0 0.176 -1.19764
12308405 1.2443 1.34806 -0.979399 0 0.176 -1.19764
12315668 1.23162 1.34564 -0.974436 0 0.176 -1.19764
12321936 1.21948 1.34332 -0.969682 0 0.176 -1.19764
12329004 1.20676 1.34089 -0.964702 0 0.176 -1.19764
12335716 1.19421 1.33849 -0.959788 0 0.176 -1.19764
12342887 1.18129 1.33603 -0.954733 0 0.176 -1.19764
12349601 1.16875 1.33363 -0.94982 0 0.176 -1.19764
12356625 1.15605 1.33121 -0.94485 0 0.176 -1.19764
12363500 1.14326 1.32877 -0.939842 0 0.176 -1.19764
12370604 1.13044 1.32632 -0.934825 0 0.176 -1.19764
12377402 1.11777 1.3239 -0.929862 0 0.176 -1.19764
12384523 1.1049 1.32144 -0.924825 0 0.176 -1.19764
12391349 1.0922 1.31901 -0.919851 0 0.176 -1.19764
12398444 1.07939 1.31657 -0.914839 0 0.176 -1.19764
12405217 1.06677 1.31416 -0.909895 0 0.176 -1.19764
12412298 1.05399 1.31172 -0.904892 0 0.176 -1.19764
12419089 1.04133 1.3093 -0.899937 0 0.176 -1.19764
12426399 1.02849 1.30685 -0.894908 0 0.176 -1.19764
12433009 1.01581 1.30442 -0.889945 0 0.176 -1.19764
12440316 1.00275 1.30193 -0.884833 0 0.176 -1.19764
12447109 0.989963 1.29949 -0.879826 0 0.176 -1.19764
12454195 0.977301 1.29707 -0.874869 0 0.176 -1.19764
12461002 0.964487 1.29462 -0.869852 0 0.176 -1.19764
12468406 0.951551 1.29215 -0.864788 0 0.176 -1.19764
12474880 0.939043 1.28976 -0.859891 0 0.176 -1.19764
12482074 0.926169 1.2873 -0.854851 0 0.176 -1.19764
12489114 0.912949 1.28478 -0.849675 0 0.176 -1.19764
12495918 0.900777 1.28245 -0.84491 0 0.176 -1.19764
12502378 0.888619 1.28013 -0.84015 0 0.176 -1.19764
12509541 0.875723 1.27767 -0.835101 0 0.176 -1.19764
12516430 0.862859 1.27521 -0.830065 0 0.176 -1.19764
12523424 0.850313 1.27282 -0.825153 0 0.176 -1.19764
12530299 0.837427 1.27036 -0.820108 0 0.176 -1.19764
12537217 0.825002 1.26798 -0.815244 0 0.176 -1.19764
12544043 0.812224 1.26554 -0.810241 0 0.176 -1.19764
12551048 0.799576 1.26313 -0.80529 0 0.176 -1.19764
12557869 0.786867 1.2607 -0.800314 0 0.176 -1.19764
12564944 0.774093 1.25826 -0.795313 0 0.176 -1.19764
12571807 0.761311 1.25582 -0.790309 0 0.176 -1.19764
12578827 0.748632 1.2534 -0.785345 0 0.176 -1.19764
12585674 0.735884 1.25096 -0.780354 0 0.176 -1.19764
12592832 0.72298 1.2485 -0.775302 0 0.176 -1.19764
