60
478975960 6.95552 3.16443 2.41922 0 -100.523 -14.7514
478981831 6.94424 3.16433 2.41127 0 -100.522 -14.7514
478988756 6.93295 3.16421 2.40331 0 -100.52 -14.7514
478995880 6.92153 3.16406 2.39526 0 -100.519 -14.7524
479002812 6.91018 3.1639 2.38723 0 -100.517 -14.7524
479009691 6.89896 3.16372 2.3793 0 -100.515 -14.7524
479016965 6.8875 3.1635 2.3712 0 -100.512 -14.7524
479024785 6.87622 3.16325 2.36323 0 -100.512 -14.7524
479030984 6.86502 3.16299 2.35531 0 -100.51 -14.7524
479037640 6.85325 3.1627 2.347 0 -100.508 -14.7524
479045566 6.842 3.16239 2.33904 0 -100.506 -14.7524
479051396 6.8308 3.16205 2.33113 0 -100.505 -14.7524
479060684 6.81738 3.16163 2.32164 0 -100.502 -14.7524
479065285 6.80807 3.16131 2.31506 0 -100.501 -14.7524
479074248 6.79676 3.1609 2.30707 0 -100.498 -14.7514
479079095 6.78521 3.16044 2.29892 0 -100.495 -14.7504
479086249 6.77393 3.15995 2.29098 0 -100.494 -14.7504
479094559 6.76276 3.15945 2.28312 0 -100.493 -14.7504
479099906 6.75138 3.15893 2.27511 0 -100.491 -14.7504
479107014 6.73991 3.15837 2.26704 0 -100.49 -14.7504
479114000 6.72853 3.15781 2.25903 0 -100.49 -14.7504
479120836 6.71744 3.15726 2.25122 0 -100.489 -14.7504
479127913 6.706 3.15668 2.24317 0 -100.488 -14.7504
479135070 6.69449 3.15608 2.23507 0 -100.488 -14.7504
479141651 6.68331 3.1555 2.2272 0 -100.487 -14.7504
479148663 6.67204 3.1549 2.21927 0 -100.487 -14.7504
479155850 6.66065 3.15429 2.21126 0 -100.486 -14.7504
479162663 6.64925 3.15367 2.20323 0 -100.485 -14.7494
479169251 6.63816 3.15305 2.19544 0 -100.485 -14.7494
479176831 6.62643 3.1524 2.18721 0 -100.485 -14.7494
479183080 6.61526 3.15178 2.17936 0 -100.485 -14.7494
479190161 6.60388 3.15115 2.17137 0 -100.484 -14.7494
479197020 6.59247 3.1505 2.16336 0 -100.483 -14.7494
479204088 6.58137 3.14985 2.15556 0 -100.483 -14.7494
479211218 6.56982 3.14918 2.14745 0 -100.482 -14.7494
479218076 6.55843 3.14851 2.13945 0 -100.482 -14.7484
479225038 6.54704 3.14783 2.13147 0 -100.481 -14.7484
479231946 6.53577 3.14715 2.12356 0 -100.48 -14.7474
479239948 6.52393 3.14642 2.11529 0 -100.48 -14.7464
479247088 6.51299 3.14575 2.10765 0 -100.479 -14.7454
479252540 6.50163 3.14503 2.09974 0 -100.478 -14.7444
479262815 6.49027 3.14431 2.09185 0 -100.478 -14.7444
479266453 6.47881 3.14357 2.08389 0 -100.478 -14.7444
479273880 6.46736 3.14284 2.07593 0 -100.477 -14.7424
479281094 6.45573 3.14208 2.06788 0 -100.476 -14.7414
479287959 6.44463 3.14135 2.06022 0 -100.476 -14.7404
479295772 6.4332 3.14059 2.05235 0 -100.475 -14.7394
479301245 6.42182 3.13982 2.04452 0 -100.475 -14.7384
479308459 6.41034 3.13905 2.03665 0 -100.475 -14.7384
479317060 6.3989 3.13828 2.0288 0 -100.474 -14.7384
479321954 6.38753 3.1375 2.021 0 -100.473 -14.7384
479329100 6.37597 3.13669 2.01307 0 -100.473 -14.7384
479335866 6.36463 3.1359 2.00529 0 -100.473 -14.7384
479343086 6.35313 3.1351 1.9974 0 -100.473 -14.7384
479349807 6.34167 3.1343 1.98954 0 -100.473 -14.7384
479356789 6.33037 3.13351 1.98179 0 -100.473 -14.7384
479363700 6.3188 3.1327 1.97385 0 -100.473 -14.7384
479370685 6.3075 3.13192 1.9661 0 -100.473 -14.7384
479377553 6.29599 3.13111 1.9582 0 -100.473 -14.7384
479385401 6.2846 3.13032 1.95039 0 -100.473 -14.7384
