60
443135612 -4.95603 6.58034 -3.31263 0 -99.9482 -11.7114
443143342 -4.94608 6.58034 -3.32408 0 -99.9482 -11.7164
443149024 -4.93795 6.58034 -3.33333 0 -99.9482 -11.7174
443156447 -4.92868 6.58034 -3.34386 0 -99.9482 -11.7174
443163016 -4.91947 6.58034 -3.35432 0 -99.9472 -11.7214
443170643 -4.91037 6.58034 -3.36457 0 -99.9472 -11.7214
443177555 -4.90111 6.58034 -3.37501 0 -99.9472 -11.7214
443184145 -4.89176 6.58034 -3.38554 0 -99.9472 -11.7264
443191043 -4.88247 6.58034 -3.39591 0 -99.9472 -11.7314
443197686 -4.87319 6.58034 -3.40616 0 -99.9472 -11.7364
443204571 -4.86387 6.58034 -3.41635 0 -99.9472 -11.7404
443211854 -4.85435 6.58034 -3.42667 0 -99.9472 -11.7444
443218460 -4.84508 6.58034 -3.43665 0 -99.9462 -11.7464
443226459 -4.83449 6.58034 -3.448 0 -99.9462 -11.7484
443232632 -4.826 6.58034 -3.45706 0 -99.9452 -11.7504
443239388 -4.81644 6.58034 -3.46722 0 -99.9452 -11.7534
443246585 -4.80689 6.58034 -3.47732 0 -99.9452 -11.7554
443253316 -4.79741 6.58034 -3.4873 0 -99.9452 -11.7574
443260169 -4.78779 6.58034 -3.49737 0 -99.9452 -11.7604
443267540 -4.77782 6.58034 -3.50777 0 -99.9452 -11.7624
443274982 -4.76847 6.58034 -3.51747 0 -99.9452 -11.7624
443281348 -4.7587 6.58034 -3.52761 0 -99.9452 -11.7644
443288679 -4.74924 6.58034 -3.53739 0 -99.9452 -11.7664
443296021 -4.73947 6.58034 -3.54744 0 -99.9452 -11.7684
443303013 -4.7296 6.58034 -3.55757 0 -99.9452 -11.7694
443310302 -4.71895 6.58034 -3.56848 0 -99.9452 -11.7714
443316607 -4.71022 6.58034 -3.57737 0 -99.9452 -11.7714
443324246 -4.70043 6.58034 -3.58734 0 -99.9452 -11.7744
443329708 -4.69096 6.58034 -3.59695 0 -99.9452 -11.7764
443336564 -4.6813 6.58034 -3.6067 0 -99.9452 -11.7794
443343717 -4.67142 6.58034 -3.6166 0 -99.9452 -11.7814
443350540 -4.66155 6.58034 -3.62646 0 -99.9452 -11.7834
443357371 -4.65172 6.58034 -3.63625 0 -99.9462 -11.7844
443364545 -4.64183 6.58034 -3.64607 0 -99.9462 -11.7864
443371926 -4.6321 6.58034 -3.6557 0 -99.9462 -11.7874
443378150 -4.62218 6.58034 -3.66549 0 -99.9462 -11.7884
443385116 -4.61226 6.58034 -3.67526 0 -99.9462 -11.7894
443393473 -4.60129 6.58034 -3.68605 0 -99.9462 -11.7914
443399300 -4.59243 6.58034 -3.69473 0 -99.9462 -11.7924
443406785 -4.58235 6.58034 -3.70458 0 -99.9462 -11.7944
443412918 -4.5725 6.58034 -3.71417 0 -99.9462 -11.7974
443420410 -4.56249 6.58034 -3.72386 0 -99.9462 -11.7974
443427243 -4.55248 6.58034 -3.73354 0 -99.9462 -11.8014
443434598 -4.54238 6.58034 -3.74324 0 -99.9462 -11.8014
443440851 -4.53248 6.58034 -3.75274 0 -99.9462 -11.8054
443447811 -4.5225 6.58034 -3.76225 0 -99.9462 -11.8074
443454665 -4.51255 6.58034 -3.77168 0 -99.9462 -11.8094
443462414 -4.5019 6.58034 -3.78174 0 -99.9462 -11.8124
443469570 -4.4921 6.58034 -3.79095 0 -99.9462 -11.8164
443476524 -4.48077 6.58034 -3.8015 0 -99.9462 -11.8184
443482711 -4.47148 6.58034 -3.81012 0 -99.9462 -11.8204
443490190 -4.46147 6.58034 -3.81937 0 -99.9462 -11.8214
443497725 -4.45133 6.58034 -3.82873 0 -99.9462 -11.8234
443503228 -4.44131 6.58034 -3.83793 0 -99.9462 -11.8254
443510148 -4.43093 6.58034 -3.84743 0 -99.9462 -11.8274
443517149 -4.42059 6.58034 -3.85684 0 -99.9462 -11.8304
443524148 -4.41038 6.58034 -3.8661 0 -99.9462 -11.8334
443531047 -4.39995 6.58034 -3.87548 0 -99.9462 -11.8354
443538560 -4.38967 6.58034 -3.8847 0 -99.9462 -11.8354
443545045 -4.37928 6.58034 -3.89402 0 -99.9462 -11.8384
