60
255376381 -0.387398 3.04389 -2.86896 0 0.0930068 -18.8775
255381461 -0.387036 3.0451 -2.8819 0 0.0930068 -18.8775
255389998 -0.386656 3.04637 -2.89547 0 0.0930068 -18.8775
255395905 -0.386232 3.04778 -2.91064 0 0.0930068 -18.8775
255402578 -0.385894 3.04891 -2.92272 0 0.0930068 -18.8775
255412107 -0.385338 3.05076 -2.94262 0 0.0930068 -18.8775
255416011 -0.385113 3.05152 -2.95068 0 0.0930068 -18.8775
255423033 -0.384729 3.0528 -2.9644 0 0.0930068 -18.8775
255429862 -0.384342 3.05409 -2.97825 0 0.0930068 -18.8775
255437053 -0.38396 3.05536 -2.9919 0 0.0930068 -18.8775
255443608 -0.383576 3.05664 -3.00561 0 0.0930068 -18.8775
255450615 -0.383193 3.05792 -3.01933 0 0.0930068 -18.8775
255457384 -0.382809 3.0592 -3.03304 0 0.0930068 -18.8775
255464486 -0.38242 3.0605 -3.04697 0 0.0930068 -18.8775
255471289 -0.382035 3.06178 -3.06072 0 0.0930068 -18.8775
255478364 -0.381648 3.06308 -3.07458 0 0.0930068 -18.8775
255485258 -0.381258 3.06438 -3.08852 0 0.0930068 -18.8775
255492424 -0.380866 3.06568 -3.10252 0 0.0930068 -18.8775
255499236 -0.38048 3.06697 -3.11635 0 0.0930068 -18.8775
255506283 -0.380094 3.06826 -3.13014 0 0.0930068 -18.8775
255513167 -0.379704 3.06956 -3.14407 0 0.0930068 -18.8775
255520192 -0.37932 3.07085 -3.15783 0 0.0930068 -18.8775
255527049 -0.378931 3.07214 -3.17171 0 0.0930068 -18.8775
255534119 -0.378544 3.07343 -3.18555 0 0.0930068 -18.8775
255540894 -0.378161 3.07471 -3.19927 0 0.0930068 -18.8775
255547968 -0.377773 3.076 -3.21312 0 0.0930068 -18.8775
255554755 -0.377389 3.07729 -3.22686 0 0.0930068 -18.8775
255561830 -0.377002 3.07858 -3.24071 0 0.0930068 -18.8775
255568680 -0.376614 3.07987 -3.25458 0 0.0930068 -18.8775
255575713 -0.376229 3.08116 -3.26836 0 0.0930068 -18.8775
255582477 -0.375846 3.08244 -3.28204 0 0.0930068 -18.8775
255589641 -0.375454 3.08374 -3.29607 0 0.0930068 -18.8775
255596489 -0.375066 3.08504 -3.30993 0 0.0930068 -18.8775
255603861 -0.374666 3.08637 -3.32422 0 0.0930068 -18.8775
255610462 -0.374288 3.08763 -3.33774 0 0.0930068 -18.8775
255617598 -0.373897 3.08894 -3.35173 0 0.0930068 -18.8775
255624255 -0.37352 3.0902 -3.36521 0 0.0930068 -18.8775
255631684 -0.373123 3.09152 -3.37942 0 0.0930068 -18.8775
255638287 -0.372739 3.0928 -3.39313 0 0.0930068 -18.8775
255645330 -0.372353 3.09409 -3.40693 0 0.0930068 -18.8775
255652096 -0.371971 3.09537 -3.42063 0 0.0930068 -18.8775
255659081 -0.371587 3.09665 -3.43433 0 0.0930068 -18.8775
255665845 -0.371205 3.09792 -3.448 0 0.0930068 -18.8775
255672976 -0.370816 3.09922 -3.46191 0 0.0930068 -18.8775
255679807 -0.370428 3.10051 -3.47579 0 0.0930068 -18.8775
255686869 -0.370041 3.10181 -3.48963 0 0.0930068 -18.8775
255693671 -0.369656 3.10309 -3.50338 0 0.0930068 -18.8775
255700728 -0.369269 3.10438 -3.51722 0 0.0930068 -18.8775
255707543 -0.368884 3.10567 -3.531 0 0.0930068 -18.8775
255714607 -0.368497 3.10696 -3.54484 0 0.0930068 -18.8775
255721451 -0.36811 3.10825 -3.55868 0 0.0930068 -18.8775
255728539 -0.367723 3.10954 -3.57252 0 0.0930068 -18.8775
255735347 -0.367336 3.11083 -3.58634 0 0.0930068 -18.8775
255742405 -0.36695 3.11212 -3.60016 0 0.0930068 -18.8775
255749196 -0.366565 3.1134 -3.61391 0 0.0930068 -18.8775
255756281 -0.366178 3.1147 -3.62777 0 0.0930068 -18.8775
255763212 -0.365785 3.11601 -3.64181 0 0.0930068 -18.8775
255770174 -0.365404 3.11728 -3.65544 0 0.0930068 -18.8775
255776961 -0.36502 3.11856 -3.66918 0 0.0930068 -18.8775
255784082 -0.36463 3.11986 -3.68312 0 0.0930068 -18.8775
