60
162934926 6.82297 2.34695 -0.443481 0 0.269 -13.6045
162938728 6.82297 2.34695 -0.443481 0 0.268 -13.6045
162946860 6.82297 2.34695 -0.443481 0 0.268 -13.6065
162952538 6.82297 2.34695 -0.443481 0 0.267 -13.6085
162966535 6.82297 2.34695 -0.443481 0 0.265 -13.6155
162973569 6.82297 2.34695 -0.443481 0 0.265 -13.6195
162980622 6.82297 2.34695 -0.443481 0 0.265 -13.6265
162989768 6.82297 2.34695 -0.443481 0 0.265 -13.6275
163001468 6.82297 2.34695 -0.443481 0 0.263 -13.6325
163004148 6.82297 2.34695 -0.443481 0 0.263 -13.6375
163008360 6.82297 2.34695 -0.443481 0 0.259 -13.6465
163015218 6.82297 2.34695 -0.443481 0 0.256 -13.6655
163024840 6.82297 2.34695 -0.443481 0 0.252 -13.6995
163030001 6.82297 2.34695 -0.443481 0 0.248 -13.7215
163036201 6.82297 2.34695 -0.443481 0 0.241 -13.7515
163049451 6.82297 2.34695 -0.443481 0 0.231 -13.8225
163056465 6.82297 2.34695 -0.443481 0 0.224 -13.8535
163063379 6.82297 2.34695 -0.443481 0 0.222 -13.8835
163070402 6.82297 2.34695 -0.443481 0 0.216 -13.9125
163077339 6.82297 2.34695 -0.443481 0 0.213 -13.9345
163084368 6.82297 2.34695 -0.443481 0 0.211 -13.9555
163091145 6.82297 2.34695 -0.443481 0 0.209 -13.9705
163098197 6.82297 2.34695 -0.443481 0 0.206 -13.9825
163105217 6.82297 2.34695 -0.443481 0 0.206 -13.9895
163112593 6.82297 2.34695 -0.443481 0 0.206 -13.9955
163119033 6.82297 2.34695 -0.443481 0 0.204 -13.9985
163126314 6.82297 2.34695 -0.443481 0 0.204 -14.0005
163134248 6.82297 2.34695 -0.443481 0 0.204 -14.0015
163139591 6.82297 2.34695 -0.443481 0 0.204 -14.0025
163146735 6.82297 2.34695 -0.443481 0 0.204 -14.0025
163153521 6.82297 2.34695 -0.443481 0 0.204 -14.0025
163160737 6.82297 2.34695 -0.443481 0 0.204 -14.0025
163167408 6.82297 2.34695 -0.443481 0 0.204 -14.0025
163175324 6.82297 2.34695 -0.443481 0 0.204 -14.0025
163181303 6.82297 2.34695 -0.443481 0 0.204 -14.0025
163188651 6.82297 2.34695 -0.443481 0 0.204 -14.0025
163195236 6.82297 2.34695 -0.443481 0 0.204 -14.0025
163203762 6.82297 2.34695 -0.443481 0 0.204 -14.0025
163208995 6.82297 2.34695 -0.443481 0 0.204 -14.0025
163216174 6.82297 2.34695 -0.443481 0 0.204 -14.0025
163222964 6.82297 2.34695 -0.443481 0 0.204 -14.0025
163230939 6.82297 2.34695 -0.443481 0 0.204 -14.0035
163236984 6.82297 2.34695 -0.443481 0 0.204 -14.0045
163245343 6.82297 2.34695 -0.443481 0 0.204 -14.0055
163250880 6.82297 2.34695 -0.443481 0 0.204 -14.0065
163257792 6.82297 2.34695 -0.443481 0 0.204 -14.0075
163264767 6.82297 2.34695 -0.443481 0 0.204 -14.0095
163271763 6.82297 2.34695 -0.443481 0 0.204 -14.0105
163279364 6.82297 2.34695 -0.443481 0 0.204 -14.0125
163285908 6.82297 2.34695 -0.443481 0 0.205 -14.0145
163292644 6.82297 2.34695 -0.443481 0 0.205 -14.0145
163299574 6.82297 2.34695 -0.443481 0 0.205 -14.0165
163306565 6.82297 2.34695 -0.443481 0 0.205 -14.0185
163313396 6.82297 2.34695 -0.443481 0 0.205 -14.0195
163320483 6.82297 2.34695 -0.443481 0 0.205 -14.0215
163327405 6.82297 2.34695 -0.443481 0 0.205 -14.0225
163334341 6.82297 2.34695 -0.443481 0 0.205 -14.0235
163341070 6.82297 2.34695 -0.443481 0 0.205 -14.0235
163348266 6.82297 2.34695 -0.443481 0 0.205 -14.0255
163355106 6.82297 2.34695 -0.443481 0 0.205 -14.0255
