60
290902950 -1.62149 1.0091 -0.623284 0 -100.195 -5.23838
290911005 -1.59726 1.00303 -0.630468 0 -100.195 -5.23938
290915556 -1.58472 0.999893 -0.634173 0 -100.195 -5.24038
290922839 -1.56671 0.995387 -0.639472 0 -100.195 -5.24238
290929445 -1.54806 0.990722 -0.64492 0 -100.195 -5.24438
290937379 -1.53 0.986207 -0.650159 0 -100.195 -5.24538
290944554 -1.50913 0.980991 -0.656188 0 -100.195 -5.24638
290950387 -1.49274 0.976896 -0.660905 0 -100.195 -5.24738
290957608 -1.47426 0.972282 -0.666203 0 -100.195 -5.24938
290970085 -1.45554 0.967609 -0.67153 0 -100.195 -5.25038
290972509 -1.43514 0.962518 -0.677314 0 -100.195 -5.25138
290978155 -1.41965 0.958654 -0.681688 0 -100.195 -5.25238
290985361 -1.40154 0.954135 -0.686785 0 -100.196 -5.25438
290994186 -1.37754 0.948172 -0.693479 0 -100.196 -5.25738
291000013 -1.36487 0.945026 -0.696974 0 -100.196 -5.25938
291005888 -1.34642 0.940447 -0.702023 0 -100.196 -5.26238
291012844 -1.32784 0.935842 -0.707044 0 -100.197 -5.26538
291019633 -1.30977 0.931379 -0.711869 0 -100.198 -5.26938
291026584 -1.29127 0.926828 -0.716725 0 -100.198 -5.27338
291033622 -1.27249 0.922212 -0.721577 0 -100.198 -5.27538
291040457 -1.25425 0.917734 -0.726247 0 -100.2 -5.27938
291047516 -1.23557 0.913179 -0.730945 0 -100.2 -5.28438
291054419 -1.21725 0.908716 -0.735456 0 -100.201 -5.28738
291061449 -1.1984 0.904145 -0.740032 0 -100.201 -5.28938
291068337 -1.1799 0.899673 -0.744482 0 -100.201 -5.29238
291075296 -1.16115 0.895143 -0.748933 0 -100.201 -5.29538
291082204 -1.14245 0.89063 -0.753312 0 -100.202 -5.29838
291089266 -1.12391 0.886173 -0.757591 0 -100.203 -5.30038
291096197 -1.10516 0.88168 -0.761878 0 -100.203 -5.30238
291103113 -1.08654 0.877222 -0.766093 0 -100.203 -5.30338
291110190 -1.0678 0.872735 -0.770318 0 -100.204 -5.30538
291117147 -1.04916 0.868287 -0.774477 0 -100.205 -5.30738
291123786 -1.03071 0.863901 -0.778552 0 -100.205 -5.30938
291131352 -1.01187 0.859427 -0.782672 0 -100.205 -5.30938
291138221 -0.993066 0.854958 -0.786786 0 -100.205 -5.30938
291144853 -0.974327 0.850506 -0.790885 0 -100.206 -5.31138
291153600 -0.955749 0.846107 -0.794907 0 -100.206 -5.31438
291158502 -0.937208 0.841721 -0.798863 0 -100.206 -5.31638
291165683 -0.918249 0.837237 -0.802868 0 -100.207 -5.31838
291173187 -0.899365 0.832787 -0.806815 0 -100.208 -5.32038
291179522 -0.881011 0.828478 -0.810609 0 -100.208 -5.32238
291187265 -0.862326 0.824092 -0.814433 0 -100.209 -5.32538
291193425 -0.84334 0.819653 -0.818256 0 -100.209 -5.32738
291200336 -0.824497 0.815249 -0.82201 0 -100.209 -5.32938
291207706 -0.805469 0.810803 -0.825763 0 -100.209 -5.33338
291216098 -0.787015 0.806495 -0.829325 0 -100.209 -5.33638
291221065 -0.768099 0.802082 -0.832918 0 -100.21 -5.33838
291228191 -0.749134 0.797673 -0.836477 0 -100.211 -5.34038
291235099 -0.730484 0.793353 -0.839936 0 -100.211 -5.34338
291242171 -0.711748 0.789015 -0.843352 0 -100.211 -5.34538
291248931 -0.692842 0.784639 -0.84676 0 -100.212 -5.34737
291255860 -0.674194 0.780339 -0.850081 0 -100.213 -5.35138
291262751 -0.655332 0.776006 -0.853358 0 -100.214 -5.35437
291269726 -0.636287 0.771648 -0.856605 0 -100.215 -5.35838
291276664 -0.617518 0.767369 -0.859725 0 -100.217 -5.36238
291283657 -0.598452 0.763054 -0.862809 0 -100.218 -5.36638
291290655 -0.579571 0.758797 -0.865783 0 -100.22 -5.37138
291297484 -0.560708 0.754576 -0.868651 0 -100.221 -5.37638
291304345 -0.541887 0.750381 -0.871413 0 -100.224 -5.38238
291311445 -0.522578 0.746123 -0.87412 0 -100.226 -5.38638
