60
335505233 5.43868 14.1906 1.63648 0 -99.3274 -9.4174
335512180 5.42469 14.1906 1.63659 0 -99.3274 -9.4174
335519061 5.41058 14.1906 1.63669 0 -99.3274 -9.4174
335526102 5.39687 14.1906 1.63679 0 -99.3274 -9.4174
335532877 5.38295 14.1906 1.6369 0 -99.3274 -9.4174
335539904 5.36924 14.1906 1.637 0 -99.3274 -9.4174
335546785 5.35513 14.1906 1.6371 0 -99.3274 -9.4174
335553894 5.34128 14.1906 1.6372 0 -99.3274 -9.4174
335560772 5.32716 14.1906 1.63731 0 -99.3274 -9.4174
335567914 5.31324 14.1906 1.63741 0 -99.3274 -9.4174
335574565 5.29958 14.1906 1.63751 0 -99.3274 -9.4174
335581779 5.2856 14.1906 1.63761 0 -99.3274 -9.4174
335588199 5.27231 14.1906 1.63771 0 -99.3274 -9.4174
335595447 5.25818 14.1906 1.63782 0 -99.3274 -9.4174
335602337 5.24403 14.1906 1.63792 0 -99.3274 -9.4174
335609332 5.2305 14.1906 1.63802 0 -99.3274 -9.4174
335616195 5.21631 14.1906 1.63813 0 -99.3274 -9.4174
335623956 5.20283 14.1906 1.63822 0 -99.3274 -9.4174
335629943 5.18881 14.1906 1.63833 0 -99.3274 -9.4174
335637733 5.17509 14.1906 1.63843 0 -99.3274 -9.4174
335643963 5.16078 14.1906 1.63854 0 -99.3274 -9.4174
335652539 5.14691 14.1906 1.63864 0 -99.3274 -9.4174
335657810 5.13309 14.1906 1.63874 0 -99.3274 -9.4174
335664900 5.11915 14.1906 1.63884 0 -99.3274 -9.4174
335671425 5.10585 14.1906 1.63894 0 -99.3274 -9.4174
335678594 5.09175 14.1906 1.63904 0 -99.3274 -9.4174
335685495 5.07771 14.1906 1.63915 0 -99.3274 -9.4174
335692560 5.06383 14.1906 1.63925 0 -99.3274 -9.4174
335699364 5.04998 14.1906 1.63935 0 -99.3274 -9.4174
335706361 5.03626 14.1906 1.63945 0 -99.3274 -9.4174
335713314 5.02208 14.1906 1.63956 0 -99.3274 -9.4174
335720253 5.00843 14.1906 1.63966 0 -99.3274 -9.4174
335727157 4.99439 14.1906 1.63976 0 -99.3274 -9.4174
335734158 4.98061 14.1906 1.63986 0 -99.3274 -9.4174
335740981 4.96674 14.1906 1.63997 0 -99.3274 -9.4174
335748131 4.9527 14.1906 1.64007 0 -99.3274 -9.4174
335754867 4.93897 14.1906 1.64017 0 -99.3274 -9.4174
335762192 4.92493 14.1906 1.64028 0 -99.3274 -9.4174
335768891 4.91093 14.1906 1.64038 0 -99.3274 -9.4174
335777228 4.89714 14.1906 1.64048 0 -99.3274 -9.4174
335782714 4.88328 14.1906 1.64058 0 -99.3274 -9.4174
335790219 4.86959 14.1906 1.64068 0 -99.3274 -9.4174
335796600 4.85551 14.1906 1.64079 0 -99.3274 -9.4174
335804187 4.84133 14.1906 1.64089 0 -99.3274 -9.4174
335810568 4.82758 14.1906 1.64099 0 -99.3274 -9.4174
335817674 4.81359 14.1906 1.6411 0 -99.3274 -9.4174
335824354 4.8 14.1906 1.6412 0 -99.3274 -9.4174
335831563 4.78587 14.1906 1.6413 0 -99.3274 -9.4174
335838307 4.7721 14.1906 1.6414 0 -99.3274 -9.4174
335845533 4.75789 14.1906 1.64151 0 -99.3274 -9.4174
335852285 4.74414 14.1906 1.64161 0 -99.3274 -9.4174
335859708 4.73069 14.1906 1.64171 0 -99.3274 -9.4174
335866148 4.71642 14.1906 1.64182 0 -99.3274 -9.4174
335873079 4.70291 14.1906 1.64191 0 -99.3274 -9.4174
335879935 4.68885 14.1906 1.64202 0 -99.3274 -9.4174
335886972 4.67503 14.1906 1.64212 0 -99.3274 -9.4174
335893822 4.66107 14.1906 1.64222 0 -99.3274 -9.4174
335900897 4.64717 14.1906 1.64233 0 -99.3274 -9.4174
335907569 4.63358 14.1906 1.64243 0 -99.3274 -9.4174
335914776 4.61942 14.1906 1.64253 0 -99.3274 -9.4174
