60
410337390 -3.63826 0.642822 1.21927 0 -100.498 -2.46841
410344474 -3.64914 0.642822 1.22794 0 -100.498 -2.47241
410351499 -3.66013 0.642822 1.23664 0 -100.498 -2.47441
410358364 -3.67095 0.642822 1.24516 0 -100.498 -2.47641
410365161 -3.68192 0.642822 1.25376 0 -100.498 -2.47841
410372178 -3.69278 0.642822 1.26225 0 -100.498 -2.48041
410382262 -3.70399 0.642822 1.27098 0 -100.499 -2.48441
410390643 -3.7146 0.642822 1.27916 0 -100.499 -2.48941
410393223 -3.72662 0.642822 1.28834 0 -100.499 -2.49441
410401754 -3.73699 0.642822 1.29618 0 -100.499 -2.50041
410408060 -3.74814 0.642822 1.3045 0 -100.499 -2.50341
410413621 -3.75895 0.642822 1.31252 0 -100.499 -2.50541
410420519 -3.77014 0.642822 1.32078 0 -100.499 -2.50741
410427502 -3.78145 0.642822 1.3291 0 -100.499 -2.51041
410434456 -3.79249 0.642822 1.33717 0 -100.498 -2.51441
410441383 -3.80369 0.642822 1.34529 0 -100.498 -2.51841
410448283 -3.81496 0.642822 1.35339 0 -100.498 -2.52241
410455164 -3.82621 0.642822 1.3614 0 -100.497 -2.52641
410462728 -3.8379 0.642822 1.36967 0 -100.497 -2.52941
410469755 -3.849 0.642822 1.37746 0 -100.497 -2.53241
410476738 -3.8608 0.642822 1.38569 0 -100.497 -2.53641
410483088 -3.8718 0.642822 1.3933 0 -100.497 -2.53841
410490403 -3.88346 0.642822 1.40133 0 -100.497 -2.54241
410496801 -3.89458 0.642822 1.40893 0 -100.497 -2.54641
410503782 -3.90623 0.642822 1.41682 0 -100.497 -2.54841
410510884 -3.91783 0.642822 1.42463 0 -100.496 -2.55141
410517849 -3.92939 0.642822 1.43238 0 -100.496 -2.55441
410524709 -3.94082 0.642822 1.43999 0 -100.496 -2.55841
410531742 -3.95249 0.642822 1.44768 0 -100.496 -2.56241
410538523 -3.96408 0.642822 1.45526 0 -100.496 -2.56541
410545664 -3.97588 0.642822 1.46293 0 -100.496 -2.56941
410553764 -3.98726 0.642822 1.47026 0 -100.496 -2.57341
410561667 -3.99948 0.642822 1.47806 0 -100.496 -2.57441
410566429 -4.01086 0.642822 1.48531 0 -100.496 -2.57641
410573407 -4.02256 0.642822 1.49273 0 -100.496 -2.57941
410580531 -4.03455 0.642822 1.50028 0 -100.496 -2.58341
410588348 -4.04647 0.642822 1.50773 0 -100.496 -2.58741
410594241 -4.058 0.642822 1.51486 0 -100.496 -2.59041
410601894 -4.07009 0.642822 1.5223 0 -100.496 -2.59341
410611143 -4.08167 0.642822 1.52937 0 -100.496 -2.59741
410615350 -4.09361 0.642822 1.53659 0 -100.496 -2.59841
410624212 -4.10543 0.642822 1.54373 0 -100.496 -2.59941
410629779 -4.11776 0.642822 1.55115 0 -100.497 -2.60241
410638379 -4.12917 0.642822 1.55799 0 -100.497 -2.60641
410642933 -4.14142 0.642822 1.56525 0 -100.497 -2.60941
410649712 -4.15312 0.642822 1.57214 0 -100.497 -2.61341
410656716 -4.16517 0.642822 1.57916 0 -100.498 -2.61941
410663650 -4.17713 0.642822 1.58605 0 -100.499 -2.62541
410670441 -4.18916 0.642822 1.59288 0 -100.499 -2.63141
410677554 -4.20134 0.642822 1.59969 0 -100.499 -2.63741
410685754 -4.21352 0.642822 1.60641 0 -100.499 -2.63841
410691494 -4.22579 0.642822 1.61317 0 -100.499 -2.64341
410698476 -4.23802 0.642822 1.61982 0 -100.499 -2.64941
410705347 -4.25014 0.642822 1.62632 0 -100.5 -2.65541
410712407 -4.26256 0.642822 1.63288 0 -100.5 -2.66041
410719653 -4.27465 0.642822 1.6392 0 -100.5 -2.66641
410726240 -4.28742 0.642822 1.64577 0 -100.501 -2.67241
410735994 -4.29946 0.642822 1.65187 0 -100.502 -2.68041
410739893 -4.31179 0.642822 1.658 0 -100.502 -2.68441
410747762 -4.32435 0.642822 1.66417 0 -100.502 -2.68441
