60
323332564 -0.902246 0.162253 1.03677 0 -100.504 -4.80539
323338488 -0.888651 0.16189 1.03804 0 -100.504 -4.80539
323345829 -0.874591 0.161514 1.03935 0 -100.505 -4.80439
323352902 -0.861215 0.16117 1.04058 0 -100.505 -4.80439
323359161 -0.847493 0.160817 1.04185 0 -100.505 -4.80439
323366391 -0.833623 0.16046 1.04313 0 -100.505 -4.80439
323373028 -0.81988 0.160107 1.0444 0 -100.505 -4.80439
323380195 -0.805846 0.159746 1.04569 0 -100.505 -4.80439
323387032 -0.792001 0.15939 1.04697 0 -100.505 -4.80439
323394073 -0.778228 0.159036 1.04824 0 -100.505 -4.80339
323400954 -0.764281 0.158677 1.04951 0 -100.505 -4.80239
323408154 -0.750527 0.158323 1.05075 0 -100.505 -4.80139
323414851 -0.736609 0.157965 1.052 0 -100.505 -4.80039
323421851 -0.722941 0.157614 1.0532 0 -100.505 -4.79939
323428720 -0.708988 0.157255 1.05442 0 -100.505 -4.79839
323435893 -0.694977 0.156895 1.05563 0 -100.505 -4.79739
323442818 -0.681175 0.15654 1.0568 0 -100.505 -4.79639
323449666 -0.667522 0.15619 1.05795 0 -100.506 -4.79539
323456600 -0.65381 0.155851 1.05909 0 -100.506 -4.79439
323463662 -0.639739 0.155504 1.06025 0 -100.506 -4.79439
323470647 -0.6259 0.155162 1.06139 0 -100.506 -4.79339
323477661 -0.612124 0.154822 1.06251 0 -100.506 -4.79139
323484610 -0.598289 0.15448 1.0636 0 -100.506 -4.79039
323491802 -0.584189 0.154132 1.0647 0 -100.506 -4.79039
323498414 -0.570467 0.153793 1.06578 0 -100.506 -4.78839
323505424 -0.556836 0.153457 1.06681 0 -100.506 -4.78839
323512376 -0.542787 0.15311 1.06788 0 -100.507 -4.78839
323519539 -0.528995 0.152784 1.06893 0 -100.507 -4.78639
323527520 -0.515185 0.152457 1.06996 0 -100.507 -4.78539
323533148 -0.501128 0.152124 1.07099 0 -100.507 -4.78439
323540344 -0.487288 0.151796 1.07198 0 -100.507 -4.78339
323548040 -0.473646 0.151473 1.07295 0 -100.507 -4.78139
323553704 -0.459857 0.151147 1.07391 0 -100.507 -4.77939
323560963 -0.445968 0.150818 1.07484 0 -100.507 -4.77739
323567564 -0.432207 0.150493 1.07573 0 -100.507 -4.77539
323574697 -0.418243 0.150162 1.07662 0 -100.507 -4.77239
323581570 -0.404266 0.149832 1.07746 0 -100.507 -4.76939
323589530 -0.390139 0.149498 1.07826 0 -100.507 -4.76839
323595464 -0.376518 0.149176 1.07902 0 -100.507 -4.76739
323602902 -0.362581 0.148846 1.07979 0 -100.507 -4.76639
323609325 -0.348847 0.148521 1.08053 0 -100.507 -4.76539
323616268 -0.335192 0.148199 1.08126 0 -100.507 -4.76539
323624273 -0.321497 0.147875 1.08199 0 -100.508 -4.76339
323630088 -0.307391 0.147555 1.08271 0 -100.509 -4.76139
323637073 -0.293679 0.147259 1.08338 0 -100.509 -4.76039
323644088 -0.279832 0.146959 1.08404 0 -100.509 -4.75939
323650997 -0.265857 0.146657 1.0847 0 -100.509 -4.75839
323657981 -0.25197 0.146356 1.08534 0 -100.509 -4.75739
323664924 -0.238032 0.146055 1.08597 0 -100.51 -4.75639
323671891 -0.224306 0.145772 1.08657 0 -100.51 -4.75539
323679070 -0.210248 0.145482 1.08718 0 -100.51 -4.75339
323687664 -0.196415 0.145196 1.08774 0 -100.51 -4.75339
323692880 -0.182545 0.14491 1.08831 0 -100.51 -4.75239
323700205 -0.168595 0.144623 1.08887 0 -100.51 -4.75039
323706822 -0.154375 0.144329 1.08941 0 -100.51 -4.74939
323715076 -0.140671 0.144047 1.08992 0 -100.51 -4.74839
323720458 -0.127129 0.143767 1.09041 0 -100.51 -4.74739
323728434 -0.112948 0.143475 1.0909 0 -100.51 -4.74739
323734249 -0.0992976 0.143193 1.09138 0 -100.51 -4.74739
323741550 -0.0853131 0.142905 1.09187 0 -100.511 -4.74439
