60
343394988 -3.54224 14.0198 -0.317585 0 -99.5073 -5.3134
343400762 -3.54994 14.0198 -0.306347 0 -99.5113 -5.2894
343407698 -3.5575 14.0198 -0.294733 0 -99.5183 -5.2644
343415707 -3.5649 14.0198 -0.282717 0 -99.5193 -5.2604
343421725 -3.57208 14.0198 -0.27096 0 -99.5253 -5.2474
343428639 -3.5792 14.0198 -0.25895 0 -99.5293 -5.2344
343435547 -3.58614 14.0198 -0.246888 0 -99.5333 -5.2234
343442953 -3.59286 14.0198 -0.234903 0 -99.5383 -5.2124
343450096 -3.59954 14.0198 -0.22267 0 -99.5383 -5.2124
343456182 -3.60606 14.0198 -0.210738 0 -99.5403 -5.2064
343463915 -3.61262 14.0198 -0.198556 0 -99.5413 -5.2064
343470022 -3.61916 14.0198 -0.186419 0 -99.5423 -5.2014
343476962 -3.62569 14.0198 -0.174132 0 -99.5443 -5.1964
343484015 -3.63224 14.0198 -0.161681 0 -99.5453 -5.1914
343490926 -3.63861 14.0198 -0.149415 0 -99.5473 -5.1844
343498110 -3.645 14.0198 -0.136887 0 -99.5483 -5.1754
343504945 -3.65122 14.0198 -0.124442 0 -99.5493 -5.1674
343511919 -3.6573 14.0198 -0.112017 0 -99.5493 -5.1604
343518954 -3.66337 14.0198 -0.0993751 0 -99.5483 -5.1514
343526645 -3.66928 14.0198 -0.0867932 0 -99.5483 -5.1514
343532703 -3.67518 14.0198 -0.0742276 0 -99.5463 -5.1424
343539760 -3.68096 14.0198 -0.0616221 0 -99.5453 -5.1304
343546451 -3.6865 14.0198 -0.0491529 0 -99.5453 -5.1174
343554130 -3.69209 14.0198 -0.03612 0 -99.5453 -5.1174
343560430 -3.69754 14.0198 -0.0234071 0 -99.5453 -5.1034
343568305 -3.70286 14.0198 -0.0104859 0 -99.5453 -5.1034
343574329 -3.70802 14.0198 0.00201553 0 -99.5473 -5.0974
343581415 -3.71337 14.0198 0.0152224 0 -99.5533 -5.0944
343588367 -3.71854 14.0198 0.028087 0 -99.5603 -5.0974
343595358 -3.72373 14.0198 0.0409009 0 -99.5603 -5.0974
343602296 -3.72894 14.0198 0.0537518 0 -99.5603 -5.0974
343608943 -3.73409 14.0198 0.0664767 0 -99.5603 -5.0974
343616310 -3.73959 14.0198 0.0800468 0 -99.5603 -5.0974
343622901 -3.74459 14.0198 0.0923751 0 -99.5603 -5.0974
343629851 -3.74978 14.0198 0.105187 0 -99.5603 -5.0974
343637981 -3.75503 14.0198 0.118149 0 -99.5603 -5.0974
343643769 -3.76035 14.0198 0.131262 0 -99.5603 -5.0974
343651398 -3.76548 14.0198 0.14394 0 -99.5603 -5.0974
343657591 -3.77073 14.0198 0.156887 0 -99.5603 -5.0974
343664617 -3.7759 14.0198 0.169648 0 -99.5603 -5.0974
343671350 -3.78107 14.0198 0.182393 0 -99.5603 -5.0974
343678505 -3.78636 14.0198 0.195448 0 -99.5603 -5.0974
343685319 -3.79156 14.0198 0.208284 0 -99.5603 -5.0974
343692366 -3.79677 14.0198 0.221137 0 -99.5603 -5.0974
343699161 -3.80196 14.0198 0.233943 0 -99.5603 -5.0974
343706225 -3.80718 14.0198 0.246833 0 -99.5603 -5.0974
343713098 -3.81243 14.0198 0.259777 0 -99.5603 -5.0974
343720385 -3.81776 14.0198 0.272939 0 -99.5603 -5.0974
343727299 -3.82309 14.0198 0.286088 0 -99.5603 -5.0974
343734556 -3.82841 14.0198 0.299226 0 -99.5603 -5.0974
343741125 -3.83347 14.0198 0.311712 0 -99.5603 -5.0974
343748257 -3.83868 14.0198 0.324576 0 -99.5603 -5.0974
343754843 -3.84378 14.0198 0.337143 0 -99.5603 -5.0974
343762123 -3.84909 14.0198 0.350254 0 -99.5603 -5.0974
343768853 -3.8543 14.0198 0.363112 0 -99.5603 -5.0974
343775973 -3.85951 14.0198 0.375972 0 -99.5603 -5.0974
343782737 -3.86473 14.0198 0.388849 0 -99.5603 -5.0974
343789777 -3.86989 14.0198 0.401584 0 -99.5603 -5.0974
343796617 -3.87515 14.0198 0.414575 0 -99.5603 -5.0974
343803627 -3.88029 14.0198 0.427247 0 -99.5603 -5.0974
