60
433810661 0.489189 5.88431 -4.1407 0 -100.5 -7.43439
433816002 0.477435 5.88391 -4.13546 0 -100.5 -7.43339
433824525 0.464596 5.88347 -4.12971 0 -100.5 -7.43139
433830533 0.452109 5.88305 -4.1241 0 -100.5 -7.43039
433836915 0.439613 5.88262 -4.11846 0 -100.5 -7.42939
433844548 0.426953 5.88219 -4.11274 0 -100.5 -7.42839
433850584 0.414223 5.88176 -4.10697 0 -100.5 -7.42739
433857545 0.401558 5.88133 -4.10121 0 -100.5 -7.42439
433864849 0.388951 5.8809 -4.09544 0 -100.5 -7.42339
433871719 0.376248 5.88047 -4.0896 0 -100.5 -7.42139
433878872 0.363311 5.88002 -4.08363 0 -100.5 -7.42039
433885734 0.35086 5.8796 -4.07786 0 -100.5 -7.41839
433893406 0.337031 5.87913 -4.07143 0 -100.5 -7.41739
433899293 0.325619 5.87874 -4.0661 0 -100.5 -7.41639
433907198 0.31231 5.87828 -4.05988 0 -100.5 -7.41539
433913183 0.300474 5.87788 -4.05432 0 -100.5 -7.41439
433920278 0.288059 5.87745 -4.04849 0 -100.501 -7.41339
433927474 0.275297 5.87703 -4.04247 0 -100.501 -7.41339
433937842 0.262699 5.87661 -4.03653 0 -100.501 -7.41239
433940964 0.250239 5.8762 -4.03064 0 -100.501 -7.41139
433948427 0.237719 5.87578 -4.0247 0 -100.501 -7.41039
433954953 0.225328 5.87537 -4.01882 0 -100.501 -7.40939
433962032 0.21259 5.87495 -4.01275 0 -100.501 -7.40739
433970046 0.200211 5.87453 -4.00682 0 -100.501 -7.40539
433976390 0.186685 5.87408 -4.00031 0 -100.501 -7.40339
433982777 0.175189 5.8737 -3.99475 0 -100.501 -7.40239
433991208 0.16185 5.87326 -3.98828 0 -100.501 -7.40039
433996693 0.15017 5.87287 -3.98259 0 -100.501 -7.39739
434003928 0.137742 5.87245 -3.97648 0 -100.501 -7.39539
434013730 0.125139 5.87203 -3.97026 0 -100.502 -7.38939
434017634 0.112744 5.87163 -3.96405 0 -100.503 -7.38839
434025362 0.100479 5.87124 -3.95788 0 -100.503 -7.38439
434032764 0.0876926 5.87084 -3.9514 0 -100.503 -7.38039
434038422 0.0758717 5.87047 -3.94534 0 -100.503 -7.37839
434047885 0.0631797 5.87007 -3.9388 0 -100.503 -7.37739
434052059 0.0513185 5.8697 -3.93268 0 -100.504 -7.37539
434059692 0.0380548 5.86929 -3.9258 0 -100.504 -7.37339
434066287 0.0268011 5.86895 -3.91993 0 -100.504 -7.37339
434072995 0.0143188 5.86857 -3.91342 0 -100.504 -7.37039
434079798 0.00212871 5.8682 -3.90702 0 -100.505 -7.36839
434086803 -0.0102681 5.86784 -3.90048 0 -100.505 -7.36439
434093813 -0.0224411 5.86748 -3.89399 0 -100.506 -7.36139
434100811 -0.0346935 5.86713 -3.88741 0 -100.506 -7.35939
434107692 -0.0469328 5.86678 -3.88081 0 -100.506 -7.35539
434114596 -0.0590981 5.86644 -3.87419 0 -100.507 -7.35339
434121543 -0.071275 5.8661 -3.86753 0 -100.507 -7.35039
434128638 -0.0834687 5.86577 -3.86081 0 -100.507 -7.34839
434136819 -0.0962366 5.86542 -3.85374 0 -100.508 -7.34539
434142876 -0.108578 5.86509 -3.84686 0 -100.508 -7.34339
434149405 -0.119835 5.8648 -3.84055 0 -100.508 -7.34039
434156397 -0.132237 5.86447 -3.83356 0 -100.509 -7.33939
434163256 -0.144019 5.86417 -3.8269 0 -100.509 -7.33839
434170165 -0.156044 5.86387 -3.82008 0 -100.509 -7.33639
434178296 -0.168192 5.86356 -3.81317 0 -100.509 -7.33539
434184150 -0.180433 5.86325 -3.80618 0 -100.509 -7.33339
434191132 -0.192435 5.86295 -3.7993 0 -100.51 -7.33139
434198075 -0.204554 5.86265 -3.79232 0 -100.51 -7.33039
434204876 -0.216326 5.86237 -3.78552 0 -100.51 -7.32839
434212357 -0.228482 5.86207 -3.77847 0 -100.51 -7.32639
434218743 -0.240257 5.86179 -3.77161 0 -100.511 -7.32539
