60
401122215 -5.64866 0.679201 1.1041 0 -100.559 -4.59041
401129326 -5.64866 0.679201 1.1041 0 -100.559 -4.59041
401135934 -5.64866 0.679201 1.1041 0 -100.559 -4.59041
401143393 -5.64866 0.679201 1.1041 0 -100.559 -4.59041
401149708 -5.64866 0.679201 1.1041 0 -100.559 -4.59041
401156666 -5.64866 0.679201 1.1041 0 -100.559 -4.59041
401163595 -5.64866 0.679201 1.1041 0 -100.559 -4.59041
401170624 -5.64866 0.679201 1.1041 0 -100.559 -4.59041
401177486 -5.64866 0.679201 1.1041 0 -100.559 -4.59041
401185408 -5.64866 0.679201 1.1041 0 -100.559 -4.59041
401191361 -5.64866 0.679201 1.1041 0 -100.559 -4.59041
401198443 -5.64866 0.679201 1.1041 0 -100.559 -4.59041
401205184 -5.64866 0.679201 1.1041 0 -100.559 -4.59041
401212337 -5.64866 0.679201 1.1041 0 -100.559 -4.59041
401219041 -5.64866 0.679201 1.1041 0 -100.559 -4.59041
401226686 -5.64866 0.679201 1.1041 0 -100.559 -4.59041
401232995 -5.64866 0.679201 1.1041 0 -100.559 -4.59041
401240052 -5.64866 0.679201 1.1041 0 -100.559 -4.59041
401247123 -5.64866 0.679201 1.1041 0 -100.559 -4.59041
401254060 -5.64866 0.679201 1.1041 0 -100.559 -4.59041
401260799 -5.64866 0.679201 1.1041 0 -100.559 -4.59041
401267968 -5.64866 0.679201 1.1041 0 -100.559 -4.59041
401274643 -5.64866 0.679201 1.1041 0 -100.559 -4.59041
401282132 -5.64866 0.679201 1.1041 0 -100.559 -4.59041
401288606 -5.64866 0.679201 1.1041 0 -100.559 -4.59041
401295862 -5.64866 0.679201 1.1041 0 -100.559 -4.59041
401302517 -5.64866 0.679201 1.1041 0 -100.559 -4.59041
401311195 -5.64866 0.679201 1.1041 0 -100.559 -4.59041
401316338 -5.64866 0.679201 1.1041 0 -100.559 -4.59041
401323348 -5.64866 0.679201 1.1041 0 -100.559 -4.59041
401330205 -5.64866 0.679201 1.1041 0 -100.559 -4.59041
401337258 -5.64866 0.679201 1.1041 0 -100.559 -4.59041
401344240 -5.64866 0.679201 1.1041 0 -100.559 -4.59041
401351290 -5.64866 0.679201 1.1041 0 -100.559 -4.59041
401358150 -5.64866 0.679201 1.1041 0 -100.559 -4.59041
401365118 -5.64866 0.679201 1.1041 0 -100.559 -4.59041
401371852 -5.64866 0.679201 1.1041 0 -100.559 -4.59041
401379032 -5.64866 0.679201 1.1041 0 -100.559 -4.59041
401385748 -5.64866 0.679201 1.1041 0 -100.559 -4.59041
401393375 -5.64866 0.679201 1.1041 0 -100.559 -4.59041
401399624 -5.64866 0.679201 1.1041 0 -100.559 -4.59041
401406691 -5.64866 0.679201 1.1041 0 -100.559 -4.59041
401413568 -5.64866 0.679201 1.1041 0 -100.559 -4.59041
401420599 -5.64866 0.679201 1.1041 0 -100.559 -4.59041
401427495 -5.64866 0.679201 1.1041 0 -100.559 -4.59041
401435682 -5.64866 0.679201 1.1041 0 -100.559 -4.59041
401441353 -5.64866 0.679201 1.1041 0 -100.559 -4.59041
401449305 -5.64866 0.679201 1.1041 0 -100.559 -4.59041
401455346 -5.64866 0.679201 1.1041 0 -100.559 -4.59041
401462562 -5.64866 0.679201 1.1041 0 -100.559 -4.59041
401469026 -5.64866 0.679201 1.1041 0 -100.559 -4.59041
401476978 -5.64866 0.679201 1.1041 0 -100.559 -4.59041
401483087 -5.64866 0.679201 1.1041 0 -100.559 -4.59041
401490020 -5.64866 0.679201 1.1041 0 -100.559 -4.59041
401496854 -5.64866 0.679201 1.1041 0 -100.559 -4.59041
401504583 -5.64866 0.679201 1.1041 0 -100.559 -4.59041
401510865 -5.64866 0.679201 1.1041 0 -100.559 -4.59041
401517907 -5.64866 0.679201 1.1041 0 -100.559 -4.59041
401524653 -5.64866 0.679201 1.1041 0 -100.559 -4.59041
401531742 -5.64866 0.679201 1.1041 0 -100.559 -4.59041
