60
79923458 1.82118 0.744917 0.195082 0 -0.148 7.40838
79928848 1.83464 0.747141 0.201513 0 -0.147 7.40138
79936357 1.84727 0.749221 0.207655 0 -0.145 7.39538
79942281 1.8584 0.751032 0.213147 0 -0.143 7.38738
79949290 1.87086 0.753042 0.219425 0 -0.143 7.37938
79956467 1.88287 0.754985 0.225594 0 -0.14 7.36938
79963477 1.89603 0.757081 0.23252 0 -0.14 7.36138
79970303 1.90712 0.758855 0.238474 0 -0.139 7.35238
79977340 1.92032 0.760962 0.245715 0 -0.139 7.34738
79984735 1.93244 0.762901 0.25244 0 -0.139 7.33638
79990799 1.94307 0.764612 0.258493 0 -0.139 7.32638
79998837 1.95627 0.76675 0.266186 0 -0.138 7.31138
80004492 1.96669 0.76844 0.272469 0 -0.136 7.30238
80015365 1.98465 0.771326 0.28352 0 -0.136 7.28338
80018382 1.99026 0.772237 0.287117 0 -0.135 7.27838
80026149 2.00297 0.774295 0.295364 0 -0.135 7.26638
80032541 2.01329 0.77598 0.302242 0 -0.135 7.26638
80040028 2.02461 0.777827 0.309782 0 -0.135 7.26638
80046511 2.03616 0.779712 0.317474 0 -0.135 7.26638
80053940 2.0488 0.781775 0.325893 0 -0.134 7.25338
80060397 2.05909 0.783455 0.332938 0 -0.133 7.24338
80067298 2.07038 0.7853 0.340844 0 -0.133 7.23438
80074280 2.08151 0.78713 0.348785 0 -0.131 7.22538
80082085 2.09373 0.789119 0.357666 0 -0.131 7.21738
80087803 2.10359 0.790736 0.364958 0 -0.131 7.21138
80098570 2.12076 0.793561 0.377809 0 -0.128 7.19238
80102414 2.12667 0.794525 0.382412 0 -0.128 7.18838
80109781 2.13779 0.796344 0.39114 0 -0.126 7.18138
80116521 2.14852 0.798082 0.399688 0 -0.126 7.17138
80122453 2.15782 0.7996 0.407246 0 -0.126 7.16538
80129760 2.16866 0.801378 0.416164 0 -0.126 7.16538
80136655 2.17932 0.803128 0.424944 0 -0.126 7.16538
80143334 2.18987 0.804858 0.433622 0 -0.126 7.16038
80150707 2.20046 0.806603 0.442429 0 -0.125 7.15538
80157116 2.21096 0.808326 0.451251 0 -0.125 7.15138
80164438 2.22156 0.810071 0.460222 0 -0.125 7.15138
80171656 2.23201 0.811791 0.46907 0 -0.125 7.15138
80181631 2.24796 0.814417 0.482573 0 -0.125 7.14638
80184831 2.25292 0.815238 0.486823 0 -0.124 7.14438
80192116 2.26333 0.816948 0.495757 0 -0.123 7.13938
80199078 2.2738 0.818661 0.504841 0 -0.123 7.13938
80205684 2.28412 0.820351 0.513798 0 -0.121 7.13438
80212762 2.29455 0.822036 0.522934 0 -0.12 7.12938
80219727 2.3049 0.823704 0.5321 0 -0.119 7.12538
80227039 2.31524 0.82536 0.541322 0 -0.118 7.12038
80233543 2.32555 0.827006 0.550621 0 -0.117 7.11638
80240472 2.33572 0.828622 0.559863 0 -0.116 7.11338
80247927 2.34604 0.830251 0.569299 0 -0.116 7.11238
80254386 2.35613 0.831845 0.57854 0 -0.116 7.11038
80265025 2.37157 0.834289 0.592736 0 -0.114 7.10638
80268258 2.37643 0.835049 0.59725 0 -0.114 7.10538
80275504 2.38657 0.836632 0.606661 0 -0.114 7.10438
80283076 2.39757 0.838354 0.616905 0 -0.114 7.10238
80288985 2.40676 0.839794 0.625496 0 -0.114 7.10038
80299642 2.42186 0.842164 0.639659 0 -0.114 7.10038
80304205 2.42842 0.843195 0.645819 0 -0.114 7.10038
80311199 2.43853 0.844783 0.65531 0 -0.114 7.10038
80317953 2.44844 0.846339 0.664608 0 -0.114 7.10038
80323685 2.45704 0.847688 0.672674 0 -0.114 7.10038
80330886 2.46721 0.849285 0.682219 0 -0.114 7.10038
