60
13991048 0.445811 1.2 -0.588761 0 0.161 0.939363
13997623 0.445811 1.2 -0.588761 0 0.161 0.939363
14004833 0.445811 1.2 -0.588761 0 0.161 0.939363
14011570 0.445811 1.2 -0.588761 0 0.161 0.939363
14018515 0.445811 1.2 -0.588761 0 0.161 0.939363
14026046 0.445811 1.2 -0.588761 0 0.161 0.939363
14032450 0.445811 1.2 -0.588761 0 0.161 0.939363
14039506 0.445811 1.2 -0.588761 0 0.161 0.939363
14046390 0.445811 1.2 -0.588761 0 0.161 0.939363
14053223 0.445811 1.2 -0.588761 0 0.161 0.939363
14060126 0.445811 1.2 -0.588761 0 0.161 0.939363
14067255 0.445811 1.2 -0.588761 0 0.161 0.939363
14074121 0.445811 1.2 -0.588761 0 0.161 0.939363
14081929 0.445811 1.2 -0.588761 0 0.161 0.939363
14087947 0.445811 1.2 -0.588761 0 0.161 0.939363
14095262 0.445811 1.2 -0.588761 0 0.161 0.939363
14101819 0.445811 1.2 -0.588761 0 0.161 0.939363
14109520 0.445811 1.2 -0.588761 0 0.161 0.939363
14115857 0.445811 1.2 -0.588761 0 0.161 0.939363
14122979 0.445811 1.2 -0.588761 0 0.161 0.939363
14129835 0.445811 1.2 -0.588761 0 0.161 0.939363
14136767 0.445811 1.2 -0.588761 0 0.161 0.939363
14143600 0.445811 1.2 -0.588761 0 0.161 0.939363
14150736 0.445811 1.2 -0.588761 0 0.161 0.939363
14157418 0.445811 1.2 -0.588761 0 0.161 0.939363
14164471 0.445811 1.2 -0.588761 0 0.161 0.939363
14171229 0.445811 1.2 -0.588761 0 0.161 0.939363
14178380 0.445811 1.2 -0.588761 0 0.161 0.939363
14185180 0.445811 1.2 -0.588761 0 0.161 0.939363
14192880 0.445811 1.2 -0.588761 0 0.161 0.939363
14199059 0.445811 1.2 -0.588761 0 0.161 0.939363
14206153 0.445811 1.2 -0.588761 0 0.161 0.939363
14212949 0.445811 1.2 -0.588761 0 0.161 0.939363
14220002 0.445811 1.2 -0.588761 0 0.161 0.939363
14226846 0.445811 1.2 -0.588761 0 0.161 0.939363
14233913 0.445811 1.2 -0.588761 0 0.161 0.939363
14240775 0.445811 1.2 -0.588761 0 0.161 0.939363
14247810 0.445811 1.2 -0.588761 0 0.161 0.939363
14254637 0.445811 1.2 -0.588761 0 0.161 0.939363
14261764 0.445811 1.2 -0.588761 0 0.161 0.939363
14268487 0.445811 1.2 -0.588761 0 0.161 0.939363
14275993 0.445811 1.2 -0.588761 0 0.161 0.939363
14282450 0.445811 1.2 -0.588761 0 0.161 0.939363
14289503 0.445811 1.2 -0.588761 0 0.161 0.939363
14296296 0.445811 1.2 -0.588761 0 0.161 0.939363
14303603 0.445811 1.2 -0.588761 0 0.161 0.939363
14310270 0.445811 1.2 -0.588761 0 0.161 0.939363
14317409 0.445811 1.2 -0.588761 0 0.161 0.939363
14324170 0.445811 1.2 -0.588761 0 0.161 0.939363
14331182 0.445811 1.2 -0.588761 0 0.161 0.939363
14338064 0.445811 1.2 -0.588761 0 0.161 0.939363
14345567 0.445811 1.2 -0.588761 0 0.161 0.939363
14351838 0.445811 1.2 -0.588761 0 0.161 0.939363
14359425 0.445811 1.2 -0.588761 0 0.161 0.939363
14365728 0.445811 1.2 -0.588761 0 0.161 0.939363
14372857 0.445811 1.2 -0.588761 0 0.161 0.939363
14379654 0.445811 1.2 -0.588761 0 0.161 0.939363
14386626 0.445811 1.2 -0.588761 0 0.161 0.939363
14393464 0.445811 1.2 -0.588761 0 0.161 0.939363
14400604 0.445811 1.2 -0.588761 0 0.161 0.939363
