60
515218214 -2.558 1.43763 -0.998019 0 -100.329 -10.7844
515224677 -2.54489 1.43489 -1.00083 0 -100.329 -10.7844
515232082 -2.53143 1.43208 -1.00371 0 -100.33 -10.7834
515238086 -2.51825 1.42934 -1.00656 0 -100.332 -10.7824
515245641 -2.50479 1.42657 -1.00947 0 -100.332 -10.7824
515252353 -2.49158 1.42385 -1.01233 0 -100.334 -10.7824
515259177 -2.47829 1.42114 -1.01521 0 -100.336 -10.7814
515266211 -2.46485 1.41843 -1.01813 0 -100.336 -10.7804
515273100 -2.45145 1.41573 -1.02106 0 -100.338 -10.7804
515279908 -2.43832 1.41311 -1.02393 0 -100.339 -10.7804
515287080 -2.4246 1.41039 -1.02693 0 -100.34 -10.7794
515295101 -2.41166 1.40783 -1.02977 0 -100.341 -10.7774
515301164 -2.39798 1.40515 -1.03281 0 -100.343 -10.7774
515309235 -2.38481 1.40259 -1.03573 0 -100.344 -10.7754
515315327 -2.37183 1.40008 -1.03863 0 -100.344 -10.7754
515322391 -2.35843 1.39749 -1.04163 0 -100.345 -10.7744
515329477 -2.34507 1.39492 -1.04464 0 -100.346 -10.7734
515335381 -2.33171 1.39236 -1.04766 0 -100.347 -10.7734
515342512 -2.31847 1.38984 -1.05065 0 -100.347 -10.7734
515349484 -2.30509 1.38729 -1.05367 0 -100.348 -10.7724
515356472 -2.29184 1.38479 -1.05668 0 -100.349 -10.7713
515363126 -2.27849 1.38228 -1.05972 0 -100.349 -10.7713
515370218 -2.26526 1.37978 -1.06274 0 -100.35 -10.7713
515377402 -2.25183 1.37727 -1.0658 0 -100.35 -10.7703
515384234 -2.23852 1.37478 -1.06885 0 -100.35 -10.7693
515390865 -2.22531 1.37231 -1.07189 0 -100.351 -10.7693
515398122 -2.21178 1.36979 -1.07501 0 -100.351 -10.7683
515404925 -2.19856 1.36732 -1.07806 0 -100.352 -10.7683
515411956 -2.18509 1.36483 -1.08118 0 -100.353 -10.7673
515419983 -2.17193 1.36241 -1.08423 0 -100.353 -10.7673
515425631 -2.15862 1.35995 -1.08733 0 -100.354 -10.7673
515432857 -2.14525 1.35751 -1.09043 0 -100.355 -10.7663
515439652 -2.13197 1.35509 -1.09353 0 -100.356 -10.7653
515446538 -2.11857 1.35266 -1.09667 0 -100.357 -10.7643
515453354 -2.10544 1.3503 -1.09976 0 -100.357 -10.7643
515461186 -2.09205 1.34789 -1.10292 0 -100.357 -10.7643
515467511 -2.07863 1.34547 -1.10607 0 -100.358 -10.7623
515474418 -2.06532 1.34309 -1.10924 0 -100.358 -10.7623
515481421 -2.05181 1.34067 -1.11245 0 -100.358 -10.7623
515488415 -2.03889 1.33835 -1.11552 0 -100.359 -10.7613
515496105 -2.02548 1.33597 -1.11871 0 -100.36 -10.7603
515501933 -2.01214 1.33361 -1.12191 0 -100.361 -10.7593
515509161 -1.99873 1.33125 -1.12514 0 -100.361 -10.7583
515517392 -1.98561 1.32893 -1.12831 0 -100.363 -10.7583
515523543 -1.97221 1.3266 -1.13155 0 -100.363 -10.7573
515529975 -1.95861 1.32424 -1.13485 0 -100.364 -10.7573
515536863 -1.94571 1.32201 -1.13799 0 -100.364 -10.7573
515543878 -1.9324 1.3197 -1.14122 0 -100.365 -10.7573
515550775 -1.91885 1.31738 -1.14451 0 -100.365 -10.7563
515557921 -1.90545 1.31507 -1.14778 0 -100.365 -10.7563
515565000 -1.89194 1.31275 -1.15107 0 -100.365 -10.7553
515571661 -1.87889 1.3105 -1.15427 0 -100.366 -10.7553
515578882 -1.8653 1.30818 -1.1576 0 -100.366 -10.7553
515585815 -1.85209 1.30592 -1.16084 0 -100.367 -10.7543
515594746 -1.83868 1.30364 -1.16413 0 -100.368 -10.7533
515599333 -1.82548 1.30142 -1.1674 0 -100.369 -10.7523
515606676 -1.8122 1.29919 -1.17069 0 -100.369 -10.7523
515613222 -1.79887 1.29695 -1.174 0 -100.369 -10.7523
515620430 -1.78574 1.29475 -1.17726 0 -100.369 -10.7523
515627032 -1.77241 1.29251 -1.18056 0 -100.369 -10.7523
