60
55444454 -2.6194 0.801567 -0.193369 0 0.103002 -1.41364
55449143 -2.63305 0.800139 -0.191205 0 0.103002 -1.41264
55456755 -2.64662 0.798719 -0.189042 0 0.103002 -1.41164
55464434 -2.66141 0.79717 -0.186666 0 0.103002 -1.41164
55470502 -2.67394 0.795858 -0.184655 0 0.103002 -1.41164
55476876 -2.68752 0.794436 -0.182475 0 0.103002 -1.41164
55484108 -2.70119 0.793005 -0.180281 0 0.103002 -1.41064
55490750 -2.71477 0.791583 -0.178088 0 0.103002 -1.40964
55498895 -2.72972 0.790018 -0.175658 0 0.103002 -1.40964
55504662 -2.7421 0.788721 -0.173645 0 0.103002 -1.40964
55515181 -2.76196 0.786641 -0.170416 0 0.103002 -1.40964
55518528 -2.76931 0.785872 -0.169222 0 0.103002 -1.40964
55526945 -2.76931 0.785872 -0.169222 0 0.103002 -1.40964
55532553 -2.76931 0.785872 -0.169222 0 0.103002 -1.40964
55539617 -2.76931 0.785872 -0.169222 0 0.103002 -1.40964
55546360 -2.76931 0.785872 -0.169222 0 0.103002 -1.40964
55554849 -2.76931 0.785872 -0.169222 0 0.103002 -1.40964
55561190 -2.76931 0.785872 -0.169222 0 0.103002 -1.40964
55567114 -2.76931 0.785872 -0.169222 0 0.103002 -1.40964
55574205 -2.76931 0.785872 -0.169222 0 0.103002 -1.40964
55581033 -2.76931 0.785872 -0.169222 0 0.103002 -1.40964
55588049 -2.76931 0.785872 -0.169222 0 0.103002 -1.40964
55598295 -2.76931 0.785872 -0.169222 0 0.103002 -1.40964
55602815 -2.76931 0.785872 -0.169222 0 0.103002 -1.40964
55608813 -2.76931 0.785872 -0.169222 0 0.103002 -1.40964
55616851 -2.76931 0.785872 -0.169222 0 0.103002 -1.40964
55622711 -2.76931 0.785872 -0.169222 0 0.103002 -1.40964
55633070 -2.76931 0.785872 -0.169222 0 0.103002 -1.40964
55636626 -2.76931 0.785872 -0.169222 0 0.103002 -1.40964
55643797 -2.76931 0.785872 -0.169222 0 0.103002 -1.40964
55650561 -2.76931 0.785872 -0.169222 0 0.103002 -1.40964
55657544 -2.76931 0.785872 -0.169222 0 0.103002 -1.40964
55664474 -2.76931 0.785872 -0.169222 0 0.103002 -1.40964
55671445 -2.76931 0.785872 -0.169222 0 0.103002 -1.40964
55681786 -2.76931 0.785872 -0.169222 0 0.103002 -1.40964
55685280 -2.76931 0.785872 -0.169222 0 0.103002 -1.40964
55692269 -2.76931 0.785872 -0.169222 0 0.103002 -1.40964
55699107 -2.76931 0.785872 -0.169222 0 0.103002 -1.40964
55706127 -2.76931 0.785872 -0.169222 0 0.103002 -1.40964
55713633 -2.76931 0.785872 -0.169222 0 0.103002 -1.40964
55719965 -2.76931 0.785872 -0.169222 0 0.103002 -1.40964
55726952 -2.76931 0.785872 -0.169222 0 0.103002 -1.40964
55734880 -2.76931 0.785872 -0.169222 0 0.103002 -1.40964
55740773 -2.76931 0.785872 -0.169222 0 0.103002 -1.40964
55748801 -2.76931 0.785872 -0.169222 0 0.103002 -1.40964
55754653 -2.76931 0.785872 -0.169222 0 0.103002 -1.40964
55765075 -2.76931 0.785872 -0.169222 0 0.103002 -1.40964
55769387 -2.76931 0.785872 -0.169222 0 0.103002 -1.40964
55775503 -2.76931 0.785872 -0.169222 0 0.103002 -1.40964
55782878 -2.76931 0.785872 -0.169222 0 0.103002 -1.40964
55789394 -2.76931 0.785872 -0.169222 0 0.103002 -1.40964
55799818 -2.76931 0.785872 -0.169222 0 0.103002 -1.40964
55803314 -2.76931 0.785872 -0.169222 0 0.103002 -1.40964
55810349 -2.76931 0.785872 -0.169222 0 0.103002 -1.40964
55817146 -2.76931 0.785872 -0.169222 0 0.103002 -1.40964
55824163 -2.76931 0.785872 -0.169222 0 0.103002 -1.40964
55831035 -2.76931 0.785872 -0.169222 0 0.103002 -1.40964
55838018 -2.76931 0.785872 -0.169222 0 0.103002 -1.40964
55848582 -2.76931 0.785872 -0.169222 0 0.103002 -1.40964
55853079 -2.76931 0.785872 -0.169222 0 0.103002 -1.40964
