60
392788832 -3.32242 0.641716 -1.07861 0 -100.567 -6.94741
392795691 -3.32242 0.641716 -1.07861 0 -100.567 -6.94741
392802443 -3.32242 0.641716 -1.07861 0 -100.567 -6.94741
392809792 -3.32242 0.641716 -1.07861 0 -100.567 -6.94741
392816453 -3.32242 0.641716 -1.07861 0 -100.567 -6.94741
392823494 -3.32242 0.641716 -1.07861 0 -100.567 -6.94741
392830324 -3.32242 0.641716 -1.07861 0 -100.567 -6.94741
392837386 -3.32242 0.641716 -1.07861 0 -100.567 -6.94741
392844164 -3.32242 0.641716 -1.07861 0 -100.567 -6.94741
392851246 -3.32242 0.641716 -1.07861 0 -100.567 -6.94741
392858084 -3.32242 0.641716 -1.07861 0 -100.567 -6.94741
392865182 -3.32242 0.641716 -1.07861 0 -100.567 -6.94741
392871966 -3.32242 0.641716 -1.07861 0 -100.567 -6.94741
392879077 -3.32242 0.641716 -1.07861 0 -100.567 -6.94741
392885867 -3.32242 0.641716 -1.07861 0 -100.567 -6.94741
392893132 -3.32242 0.641716 -1.07861 0 -100.567 -6.94741
392899848 -3.32242 0.641716 -1.07861 0 -100.567 -6.94741
392906648 -3.32242 0.641716 -1.07861 0 -100.567 -6.94741
392913665 -3.32242 0.641716 -1.07861 0 -100.567 -6.94741
392920696 -3.32242 0.641716 -1.07861 0 -100.567 -6.94741
392927588 -3.32242 0.641716 -1.07861 0 -100.567 -6.94741
392934641 -3.32242 0.641716 -1.07861 0 -100.567 -6.94741
392941479 -3.32242 0.641716 -1.07861 0 -100.567 -6.94741
392949165 -3.32242 0.641716 -1.07861 0 -100.567 -6.94741
392955296 -3.32242 0.641716 -1.07861 0 -100.567 -6.94741
392962516 -3.32242 0.641716 -1.07861 0 -100.567 -6.94741
392969135 -3.32242 0.641716 -1.07861 0 -100.567 -6.94741
392976464 -3.32242 0.641716 -1.07861 0 -100.567 -6.94741
392983252 -3.32242 0.641716 -1.07861 0 -100.567 -6.94741
392990338 -3.32242 0.641716 -1.07861 0 -100.567 -6.94741
392997017 -3.32242 0.641716 -1.07861 0 -100.567 -6.94741
393004033 -3.32242 0.641716 -1.07861 0 -100.567 -6.94741
393010911 -3.32242 0.641716 -1.07861 0 -100.567 -6.94741
393017929 -3.32242 0.641716 -1.07861 0 -100.567 -6.94741
393024785 -3.32242 0.641716 -1.07861 0 -100.567 -6.94741
393031814 -3.32242 0.641716 -1.07861 0 -100.567 -6.94741
393038635 -3.32242 0.641716 -1.07861 0 -100.567 -6.94741
393045791 -3.32242 0.641716 -1.07861 0 -100.567 -6.94741
393052515 -3.32242 0.641716 -1.07861 0 -100.567 -6.94741
393059732 -3.32242 0.641716 -1.07861 0 -100.567 -6.94741
393066389 -3.32242 0.641716 -1.07861 0 -100.567 -6.94741
393073408 -3.32242 0.641716 -1.07861 0 -100.567 -6.94741
393080345 -3.32242 0.641716 -1.07861 0 -100.567 -6.94741
393087355 -3.32242 0.641716 -1.07861 0 -100.567 -6.94741
393094249 -3.32242 0.641716 -1.07861 0 -100.567 -6.94741
393101269 -3.32242 0.641716 -1.07861 0 -100.567 -6.94741
393108152 -3.32242 0.641716 -1.07861 0 -100.567 -6.94741
393115141 -3.32242 0.641716 -1.07861 0 -100.567 -6.94741
393121932 -3.32242 0.641716 -1.07861 0 -100.567 -6.94741
393129032 -3.32242 0.641716 -1.07861 0 -100.567 -6.94741
393135833 -3.32242 0.641716 -1.07861 0 -100.567 -6.94741
393143099 -3.32242 0.641716 -1.07861 0 -100.567 -6.94741
393149965 -3.32242 0.641716 -1.07861 0 -100.567 -6.94741
393156962 -3.32242 0.641716 -1.07861 0 -100.567 -6.94741
393163767 -3.32242 0.641716 -1.07861 0 -100.567 -6.94741
393171428 -3.32242 0.641716 -1.07861 0 -100.567 -6.94741
393177553 -3.32242 0.641716 -1.07861 0 -100.567 -6.94741
393185542 -3.32242 0.641716 -1.07861 0 -100.567 -6.94741
393191407 -3.32242 0.641716 -1.07861 0 -100.567 -6.94741
393198480 -3.32242 0.641716 -1.07861 0 -100.567 -6.94741
