60
353458113 -2.60314 1.26918 -1.16094 0 -100.374 -5.07439
353463106 -2.60314 1.26918 -1.16094 0 -100.374 -5.03439
353470033 -2.60314 1.26918 -1.16094 0 -100.373 -4.99539
353477050 -2.60314 1.26918 -1.16094 0 -100.372 -4.96739
353483928 -2.60314 1.26918 -1.16094 0 -100.372 -4.94639
353490985 -2.60314 1.26918 -1.16094 0 -100.37 -4.93039
353497962 -2.60314 1.26918 -1.16094 0 -100.37 -4.92039
353504712 -2.60314 1.26918 -1.16094 0 -100.37 -4.91439
353511810 -2.60314 1.26918 -1.16094 0 -100.37 -4.91139
353518820 -2.60314 1.26918 -1.16094 0 -100.37 -4.91039
353525645 -2.60314 1.26918 -1.16094 0 -100.37 -4.91039
353532615 -2.60314 1.26918 -1.16094 0 -100.37 -4.90939
353539509 -2.60314 1.26918 -1.16094 0 -100.37 -4.90939
353546513 -2.60314 1.26918 -1.16094 0 -100.37 -4.90739
353553509 -2.60314 1.26918 -1.16094 0 -100.37 -4.90539
353560648 -2.60314 1.26918 -1.16094 0 -100.37 -4.90339
353567340 -2.60314 1.26918 -1.16094 0 -100.369 -4.90039
353575470 -2.60314 1.26918 -1.16094 0 -100.369 -4.89739
353581326 -2.60314 1.26918 -1.16094 0 -100.369 -4.89639
353588180 -2.60314 1.26918 -1.16094 0 -100.369 -4.89339
353595091 -2.60314 1.26918 -1.16094 0 -100.368 -4.88939
353603288 -2.60314 1.26918 -1.16094 0 -100.367 -4.88539
353609705 -2.60314 1.26918 -1.16094 0 -100.367 -4.88339
353617347 -2.60314 1.26918 -1.16094 0 -100.365 -4.87839
353624367 -2.60314 1.26918 -1.16094 0 -100.365 -4.87539
353629661 -2.60314 1.26918 -1.16094 0 -100.364 -4.8724
353636740 -2.60314 1.26918 -1.16094 0 -100.363 -4.8694
353644035 -2.60314 1.26918 -1.16094 0 -100.362 -4.8654
353652237 -2.60314 1.26918 -1.16094 0 -100.362 -4.86139
353658154 -2.60314 1.26918 -1.16094 0 -100.362 -4.86139
353664570 -2.60314 1.26918 -1.16094 0 -100.361 -4.8594
353671436 -2.60314 1.26918 -1.16094 0 -100.361 -4.8594
353678402 -2.60314 1.26918 -1.16094 0 -100.361 -4.8594
353685257 -2.60314 1.26918 -1.16094 0 -100.361 -4.8594
353692226 -2.60314 1.26918 -1.16094 0 -100.361 -4.8594
353699172 -2.60314 1.26918 -1.16094 0 -100.361 -4.8594
353707092 -2.60314 1.26918 -1.16094 0 -100.361 -4.8594
353713018 -2.60314 1.26918 -1.16094 0 -100.361 -4.8594
353719974 -2.60314 1.26918 -1.16094 0 -100.361 -4.8594
353727027 -2.60314 1.26918 -1.16094 0 -100.361 -4.8594
353733936 -2.60314 1.26918 -1.16094 0 -100.361 -4.8594
353740626 -2.60314 1.26918 -1.16094 0 -100.361 -4.8594
353747822 -2.60314 1.26918 -1.16094 0 -100.361 -4.8594
353754641 -2.60314 1.26918 -1.16094 0 -100.361 -4.8594
353761773 -2.60314 1.26918 -1.16094 0 -100.361 -4.8594
353768573 -2.60314 1.26918 -1.16094 0 -100.361 -4.8594
353776995 -2.60314 1.26918 -1.16094 0 -100.361 -4.8594
353782399 -2.60314 1.26918 -1.16094 0 -100.361 -4.8594
353789861 -2.60314 1.26918 -1.16094 0 -100.361 -4.8594
353796284 -2.60314 1.26918 -1.16094 0 -100.361 -4.8594
353803481 -2.60314 1.26918 -1.16094 0 -100.361 -4.8594
353810641 -2.60314 1.26918 -1.16094 0 -100.361 -4.8594
353817097 -2.60314 1.26918 -1.16094 0 -100.361 -4.8594
353824099 -2.60314 1.26918 -1.16094 0 -100.361 -4.8594
353831023 -2.60314 1.26918 -1.16094 0 -100.361 -4.8594
353838202 -2.60314 1.26918 -1.16094 0 -100.361 -4.8594
353844912 -2.60314 1.26918 -1.16094 0 -100.361 -4.8594
353851961 -2.60314 1.26918 -1.16094 0 -100.361 -4.8594
353858776 -2.60314 1.26918 -1.16094 0 -100.361 -4.8594
353865847 -2.60314 1.26918 -1.16094 0 -100.361 -4.8594
