60
449503901 3.87672 5.59591 -2.64319 0 -99.8842 -12.1744
449510008 3.88094 5.58757 -2.63299 0 -99.8832 -12.1744
449517158 3.88521 5.57909 -2.62264 0 -99.8822 -12.1754
449524093 3.88942 5.57073 -2.61244 0 -99.8822 -12.1764
449531037 3.89364 5.56231 -2.60217 0 -99.8812 -12.1764
449537859 3.89782 5.55396 -2.59201 0 -99.8812 -12.1764
449544861 3.90205 5.5455 -2.5817 0 -99.8812 -12.1764
449551783 3.90627 5.53705 -2.57143 0 -99.8812 -12.1764
449558765 3.91047 5.52867 -2.56122 0 -99.8802 -12.1764
449565813 3.91467 5.52026 -2.55101 0 -99.8802 -12.1764
449572606 3.91885 5.51187 -2.54082 0 -99.8802 -12.1764
449581297 3.92305 5.50346 -2.5306 0 -99.8802 -12.1764
449586281 3.92721 5.49514 -2.52049 0 -99.8802 -12.1764
449593444 3.93147 5.48661 -2.51013 0 -99.8802 -12.1764
449600265 3.93567 5.4782 -2.49991 0 -99.8802 -12.1764
449607313 3.93986 5.4698 -2.48971 0 -99.8802 -12.1764
449614119 3.94405 5.46141 -2.47953 0 -99.8802 -12.1764
449621659 3.9483 5.45289 -2.46917 0 -99.8802 -12.1774
449628397 3.95254 5.44439 -2.45884 0 -99.8792 -12.1784
449637208 3.95666 5.43607 -2.44875 0 -99.8792 -12.1794
449643188 3.96139 5.42651 -2.43715 0 -99.8792 -12.1794
449650280 3.96508 5.41904 -2.42808 0 -99.8772 -12.1804
449657190 3.96936 5.41034 -2.41755 0 -99.8772 -12.1804
449663154 3.97336 5.4022 -2.40772 0 -99.8772 -12.1814
449669979 3.97748 5.39379 -2.39754 0 -99.8762 -12.1824
449677001 3.98162 5.3853 -2.38729 0 -99.8762 -12.1824
449683812 3.98566 5.37701 -2.37728 0 -99.8762 -12.1824
449690652 3.98979 5.36856 -2.36707 0 -99.8762 -12.1824
449697630 3.99393 5.36007 -2.35682 0 -99.8762 -12.1824
449704504 3.99802 5.35169 -2.3467 0 -99.8762 -12.1824
449711443 4.00215 5.34324 -2.33649 0 -99.8762 -12.1824
449718417 4.00629 5.33474 -2.32623 0 -99.8762 -12.1824
449725405 4.01044 5.32624 -2.31596 0 -99.8762 -12.1824
449732382 4.01457 5.31776 -2.30573 0 -99.8762 -12.1834
449739378 4.01866 5.30937 -2.29559 0 -99.8762 -12.1834
449746337 4.02279 5.30089 -2.28534 0 -99.8762 -12.1844
449755009 4.02688 5.29245 -2.27515 0 -99.8762 -12.1864
449759955 4.03096 5.28401 -2.26493 0 -99.8762 -12.1884
449767241 4.03507 5.27545 -2.25458 0 -99.8762 -12.1894
449774093 4.03908 5.26709 -2.24445 0 -99.8762 -12.1904
449780950 4.04314 5.2586 -2.23416 0 -99.8762 -12.1904
449788443 4.04715 5.25022 -2.22402 0 -99.8762 -12.1904
449794692 4.05122 5.2417 -2.21369 0 -99.8762 -12.1904
449802725 4.05531 5.23316 -2.20335 0 -99.8752 -12.1924
449809481 4.0597 5.22392 -2.19216 0 -99.8752 -12.1924
449815845 4.06334 5.21624 -2.18286 0 -99.8752 -12.1934
449823089 4.06747 5.20753 -2.17233 0 -99.8752 -12.1954
449831371 4.07137 5.19925 -2.1623 0 -99.8752 -12.1954
449837527 4.07535 5.19081 -2.15207 0 -99.8752 -12.1974
449845407 4.07925 5.18247 -2.14197 0 -99.8752 -12.1984
449850502 4.08329 5.17383 -2.13148 0 -99.8752 -12.2014
449857499 4.08717 5.16546 -2.12133 0 -99.8752 -12.2034
449865104 4.0911 5.15696 -2.11099 0 -99.8752 -12.2064
449872809 4.09492 5.14861 -2.10083 0 -99.8752 -12.2094
449879040 4.09883 5.14001 -2.09036 0 -99.8752 -12.2114
449886448 4.10258 5.13171 -2.08025 0 -99.8752 -12.2144
449892994 4.10687 5.12213 -2.06856 0 -99.8752 -12.2164
449899090 4.11019 5.11469 -2.05947 0 -99.8752 -12.2194
449905970 4.11394 5.1062 -2.04909 0 -99.8752 -12.2224
449913008 4.11771 5.0976 -2.03857 0 -99.8752 -12.2274
