60
210181396 -0.420675 0.183462 0.559147 0 0.186007 -14.3335
210187552 -0.433898 0.180925 0.556517 0 0.186007 -14.3355
210195081 -0.44815 0.178189 0.553653 0 0.186007 -14.3375
210201505 -0.46078 0.175764 0.551088 0 0.186007 -14.3405
210209319 -0.474116 0.173201 0.548338 0 0.186007 -14.3405
210216654 -0.487402 0.170649 0.545598 0 0.186007 -14.3455
210222290 -0.50076 0.168079 0.542775 0 0.185007 -14.3485
210229257 -0.51407 0.165532 0.539919 0 0.185007 -14.3535
210237573 -0.527493 0.16296 0.536969 0 0.185007 -14.3605
210243089 -0.540719 0.160421 0.533965 0 0.185007 -14.3645
210250178 -0.554126 0.157846 0.530863 0 0.184007 -14.3705
210257091 -0.567322 0.155322 0.527727 0 0.184007 -14.3745
210264051 -0.580577 0.152784 0.52452 0 0.184007 -14.3785
210270910 -0.593898 0.150231 0.521241 0 0.184007 -14.3805
210280076 -0.607235 0.147673 0.51793 0 0.184007 -14.3815
210284746 -0.620521 0.145125 0.514618 0 0.184007 -14.3825
210292105 -0.634153 0.142509 0.511204 0 0.184007 -14.3825
210298974 -0.647155 0.140015 0.507949 0 0.184007 -14.3835
210306420 -0.660166 0.137518 0.504677 0 0.184007 -14.3845
210314513 -0.673702 0.13492 0.501259 0 0.184007 -14.3885
210320359 -0.686859 0.132391 0.497881 0 0.184007 -14.3885
210326732 -0.699979 0.12987 0.494512 0 0.184007 -14.3925
210333681 -0.713327 0.127303 0.491027 0 0.184007 -14.3985
210341644 -0.72615 0.124832 0.487598 0 0.183007 -14.4045
210347612 -0.739558 0.122259 0.483925 0 0.183007 -14.4105
210355369 -0.752342 0.119802 0.480341 0 0.182007 -14.4195
210361575 -0.765942 0.117196 0.476396 0 0.182007 -14.4255
210368231 -0.77878 0.114732 0.472588 0 0.182007 -14.4305
210375108 -0.791838 0.112221 0.468644 0 0.182007 -14.4345
210382303 -0.804916 0.109704 0.464636 0 0.182007 -14.4365
210388935 -0.817717 0.107238 0.460685 0 0.182007 -14.4365
210395876 -0.830787 0.104721 0.456652 0 0.182007 -14.4365
210402819 -0.844011 0.102174 0.452571 0 0.182007 -14.4365
210409843 -0.857179 0.0996374 0.448507 0 0.182007 -14.4355
210417004 -0.870223 0.0971258 0.444496 0 0.182007 -14.4285
210424974 -0.883186 0.0946352 0.440608 0 0.182007 -14.4275
210430789 -0.896348 0.0921069 0.436676 0 0.182007 -14.4195
210437674 -0.909534 0.0895801 0.432851 0 0.182007 -14.4085
210445373 -0.922801 0.0870457 0.42916 0 0.182007 -14.4085
210451643 -0.935957 0.0845323 0.425499 0 0.182007 -14.3965
210458385 -0.948905 0.082067 0.422064 0 0.182007 -14.3825
210465731 -0.962261 0.0795329 0.41872 0 0.181007 -14.3605
210472401 -0.975602 0.0770292 0.41569 0 0.179007 -14.3405
210479374 -0.989021 0.07455 0.412923 0 0.179007 -14.3175
210486310 -1.00246 0.0720776 0.410472 0 0.179007 -14.2945
210493129 -1.01589 0.0696187 0.408343 0 0.177007 -14.2715
210500319 -1.0297 0.0671243 0.406475 0 0.176007 -14.2535
210507079 -1.04285 0.0647706 0.404939 0 0.175007 -14.2355
210515199 -1.05866 0.0622177 0.418112 0 0.175007 -14.2335
210521041 -1.073 0.0598974 0.430114 0 0.173007 -14.2215
210531125 -1.0878 0.0575074 0.442797 0 0.173007 -14.2175
210535100 -1.10267 0.055097 0.455647 0 0.172007 -14.2135
210543520 -1.11749 0.0527004 0.468556 0 0.170007 -14.2085
210549711 -1.13235 0.0503165 0.48162 0 0.169007 -14.2065
210556040 -1.14687 0.0479957 0.494442 0 0.168007 -14.2055
210562732 -1.16137 0.0456918 0.507261 0 0.168007 -14.2045
210570401 -1.17595 0.0433714 0.520185 0 0.168007 -14.2045
210576334 -1.19025 0.0410969 0.532853 0 0.168007 -14.2045
210583420 -1.2049 0.0387659 0.545837 0 0.168007 -14.2045
210590317 -1.2194 0.0364587 0.558688 0 0.167007 -14.2045
