60
68049586 1.85415 3.26037 0.838866 0 0.183 2.17537
68053508 1.86451 3.25803 0.831708 0 0.183 2.17537
68061381 1.87675 3.25528 0.823248 0 0.179 2.18737
68067389 1.88692 3.25303 0.81604 0 0.179 2.18737
68075179 1.89808 3.25055 0.808131 0 0.179 2.18837
68082244 1.91026 3.24785 0.79948 0 0.176 2.19637
68088566 1.92017 3.24567 0.792324 0 0.175 2.20237
68098759 1.93733 3.24191 0.779769 0 0.173 2.21537
68102813 1.94331 3.24061 0.775273 0 0.173 2.21937
68109875 1.9545 3.23815 0.766789 0 0.172 2.22637
68117236 1.96534 3.23578 0.758456 0 0.172 2.23237
68122657 1.97478 3.2337 0.751107 0 0.172 2.23637
68130675 1.98661 3.23109 0.741815 0 0.172 2.24437
68137116 1.99624 3.22895 0.734131 0 0.172 2.24537
68143576 2.00695 3.22656 0.725566 0 0.174 2.25137
68150950 2.01755 3.22417 0.716984 0 0.174 2.25137
68157858 2.0282 3.22176 0.708367 0 0.174 2.25137
68164668 2.03899 3.21932 0.699629 0 0.177 2.25937
68171256 2.04947 3.21689 0.691008 0 0.18 2.26937
68181884 2.06536 3.21312 0.677661 0 0.185 2.28437
68186404 2.07121 3.21167 0.672597 0 0.188 2.29237
68193236 2.0815 3.20906 0.663543 0 0.194 2.30737
68199542 2.09078 3.2066 0.655123 0 0.198 2.32237
68206830 2.10069 3.20388 0.645861 0 0.198 2.32237
68213316 2.11068 3.20113 0.636532 0 0.198 2.32237
68220236 2.12068 3.19839 0.627186 0 0.206 2.33937
68228172 2.1312 3.19533 0.617014 0 0.217 2.36037
68234659 2.13992 3.1926 0.608219 0 0.223 2.37937
68240607 2.14913 3.18957 0.598567 0 0.234 2.40037
68248885 2.15918 3.18603 0.587588 0 0.247 2.42837
68254825 2.16721 3.18293 0.578312 0 0.259 2.45037
68266041 2.18017 3.17754 0.562639 0 0.285 2.50237
68269694 2.18531 3.17502 0.555732 0 0.301 2.52637
68275998 2.19161 3.17163 0.546819 0 0.321 2.56037
68282763 2.19889 3.16723 0.535738 0 0.342 2.60137
68289349 2.20567 3.16253 0.524435 0 0.365 2.64137
68297500 2.21285 3.15681 0.511289 0 0.399 2.69937
68304266 2.21823 3.15151 0.499933 0 0.432 2.74537
68311188 2.22314 3.14564 0.488194 0 0.464 2.79037
68318295 2.22732 3.13956 0.476784 0 0.49 2.84137
68324308 2.23049 3.13385 0.466552 0 0.519 2.88837
68332013 2.23375 3.12641 0.453944 0 0.553 2.94237
68338456 2.23587 3.11981 0.443463 0 0.553 2.94237
68348594 2.23948 3.10855 0.425574 0 0.593 3.01637
68352518 2.24027 3.10425 0.419247 0 0.607 3.04437
68359846 2.24139 3.09627 0.40781 0 0.628 3.10537
68366502 2.24179 3.08817 0.396664 0 0.646 3.16037
68372624 2.2416 3.08052 0.386523 0 0.661 3.20837
68380445 2.24081 3.07131 0.374698 0 0.678 3.27937
68386931 2.23944 3.06328 0.36482 0 0.688 3.33737
68394364 2.23717 3.05368 0.353367 0 0.699 3.40537
68401691 2.23435 3.04458 0.342915 0 0.703 3.47637
68407412 2.23125 3.03659 0.334007 0 0.706 3.53437
68414872 2.22718 3.02751 0.324173 0 0.706 3.60937
68422661 2.22246 3.0186 0.314844 0 0.706 3.62237
68428703 2.2175 3.00945 0.305332 0 0.706 3.62237
68437060 2.2122 2.99968 0.295172 0 0.7 3.70737
68445033 2.2058 2.98963 0.285093 0 0.694 3.77337
68450096 2.20022 2.98177 0.277472 0 0.687 3.79937
68456428 2.19439 2.97394 0.269922 0 0.682 3.82537
