60
87110760 0.696694 3.53448 -0.408531 0 0.950999 11.3084
87115267 0.689656 3.52412 -0.406255 0 0.950999 11.3084
87122245 0.682052 3.51292 -0.403796 0 0.950999 11.3084
87129575 0.674192 3.50134 -0.401253 0 0.951999 11.3084
87138324 0.665905 3.48911 -0.398573 0 0.951999 11.3084
87142991 0.659019 3.47895 -0.396346 0 0.951999 11.3084
87151532 0.650639 3.46658 -0.393636 0 0.952999 11.3084
87156910 0.643661 3.45626 -0.391379 0 0.953999 11.3084
87164170 0.635988 3.44489 -0.388898 0 0.953999 11.3084
87170752 0.628431 3.43368 -0.386453 0 0.953999 11.3084
87181412 0.616982 3.41671 -0.382751 0 0.953999 11.3084
87184717 0.613057 3.4109 -0.381481 0 0.953999 11.3084
87191655 0.605575 3.39981 -0.379061 0 0.953999 11.3084
87198606 0.59779 3.38827 -0.376543 0 0.953999 11.3084
87205667 0.59017 3.37697 -0.374079 0 0.953999 11.3084
87216074 0.578683 3.35995 -0.370364 0 0.953999 11.3084
87219399 0.574884 3.35432 -0.369135 0 0.953999 11.3084
87226510 0.567239 3.34298 -0.366662 0 0.953999 11.3084
87233310 0.559577 3.33163 -0.364184 0 0.953999 11.3084
87240354 0.551959 3.32034 -0.36172 0 0.953999 11.3084
87247204 0.544283 3.30896 -0.359238 0 0.953999 11.3084
87254276 0.53662 3.2976 -0.35676 0 0.953999 11.3084
87264585 0.525283 3.2808 -0.353093 0 0.953999 11.3084
87268916 0.520687 3.27399 -0.351607 0 0.953999 11.3084
87274849 0.513865 3.26388 -0.3494 0 0.953999 11.3084
87281974 0.506139 3.25242 -0.346901 0 0.953999 11.3084
87288829 0.498463 3.24105 -0.344419 0 0.953999 11.3084
87296682 0.490098 3.22865 -0.341713 0 0.953999 11.3084
87302779 0.483109 3.21829 -0.339453 0 0.953999 11.3084
87309853 0.475481 3.20698 -0.336986 0 0.953999 11.3084
87316668 0.46783 3.19564 -0.334511 0 0.953999 11.3084
87323723 0.460232 3.18438 -0.332054 0 0.953999 11.3084
87330582 0.452523 3.17296 -0.329561 0 0.953999 11.3084
87337563 0.444976 3.16177 -0.32712 0 0.953999 11.3084
87347889 0.433584 3.14488 -0.323436 0 0.953999 11.3084
87352203 0.428964 3.13804 -0.321941 0 0.953999 11.3084
87358190 0.422117 3.12789 -0.319727 0 0.953999 11.3084
87365283 0.414438 3.1165 -0.317243 0 0.953999 11.3084
87372311 0.406847 3.10525 -0.314788 0 0.952999 11.3054
87379825 0.398594 3.09306 -0.312146 0 0.951999 11.3034
87387163 0.390589 3.08126 -0.309601 0 0.950999 11.3004
87393539 0.383672 3.0711 -0.307425 0 0.950999 11.3004
87400244 0.376003 3.05983 -0.305012 0 0.948999 11.2974
87407587 0.368306 3.04859 -0.302616 0 0.948999 11.2974
87414418 0.360534 3.03723 -0.300197 0 0.948999 11.2974
87421433 0.352819 3.02595 -0.297795 0 0.948999 11.2974
87431353 0.34137 3.00922 -0.294231 0 0.943999 11.2904
87436196 0.336598 3.00233 -0.292782 0 0.940999 11.2874
87442247 0.329556 2.99225 -0.290667 0 0.935999 11.2814
87449881 0.320767 2.97981 -0.288084 0 0.930999 11.2764
87455874 0.313654 2.96986 -0.286032 0 0.926999 11.2714
87463048 0.305586 2.95869 -0.283749 0 0.918999 11.2654
87470780 0.296647 2.94653 -0.281277 0 0.911999 11.2584
87477759 0.288459 2.93558 -0.279074 0 0.902999 11.2514
87484623 0.280121 2.92465 -0.276893 0 0.893999 11.2434
87490311 0.272638 2.91504 -0.275 0 0.883999 11.2374
87498321 0.262956 2.90288 -0.272612 0 0.869999 11.2304
87504292 0.255424 2.8937 -0.270811 0 0.855999 11.2244
87515135 0.241904 2.87771 -0.267662 0 0.829999 11.2104
87519845 0.235547 2.87059 -0.266275 0 0.819999 11.2054
