60
311089290 -1.30854 0.962792 1.45011 0 -100.334 2.68061
311095821 -1.29599 0.962792 1.45635 0 -100.334 2.68461
311103098 -1.28353 0.962792 1.46247 0 -100.332 2.68861
311110690 -1.26913 0.962792 1.46948 0 -100.331 2.69361
311116754 -1.25845 0.962792 1.47461 0 -100.331 2.69661
311123521 -1.246 0.962792 1.48055 0 -100.33 2.69961
311130611 -1.23315 0.962792 1.48663 0 -100.33 2.70261
311137804 -1.22068 0.962792 1.49249 0 -100.328 2.70761
311144472 -1.20801 0.962792 1.49836 0 -100.327 2.71061
311151509 -1.19542 0.962792 1.50415 0 -100.326 2.71361
311158230 -1.18292 0.962792 1.50985 0 -100.326 2.71561
311165272 -1.17023 0.962792 1.51561 0 -100.326 2.71661
311172853 -1.1579 0.962792 1.52119 0 -100.325 2.71861
311178963 -1.14486 0.962792 1.52706 0 -100.324 2.72061
311185998 -1.13223 0.962792 1.53271 0 -100.324 2.72161
311194074 -1.11764 0.962792 1.53923 0 -100.324 2.72261
311199655 -1.10707 0.962792 1.54394 0 -100.324 2.72361
311206819 -1.09423 0.962792 1.54964 0 -100.324 2.72561
311215310 -1.08144 0.962792 1.55529 0 -100.323 2.72561
311220767 -1.06897 0.962792 1.5608 0 -100.323 2.72761
311228014 -1.05579 0.962792 1.56659 0 -100.323 2.72861
311235508 -1.04312 0.962792 1.57214 0 -100.323 2.72861
311241763 -1.03068 0.962792 1.57759 0 -100.322 2.72961
311248615 -1.01796 0.962792 1.58315 0 -100.321 2.73161
311255654 -1.00527 0.962792 1.58867 0 -100.321 2.73261
311262471 -0.992449 0.962792 1.59422 0 -100.321 2.73261
311269219 -0.979934 0.962792 1.59965 0 -100.321 2.73261
311277369 -0.965078 0.962792 1.60609 0 -100.321 2.73461
311283216 -0.954368 0.962792 1.6107 0 -100.32 2.73561
311290327 -0.94142 0.962792 1.61627 0 -100.32 2.73661
311297201 -0.92872 0.962792 1.62171 0 -100.319 2.73961
311304083 -0.916033 0.962792 1.62711 0 -100.319 2.74161
311311997 -0.903128 0.962792 1.63256 0 -100.318 2.74361
311318080 -0.890235 0.962792 1.63798 0 -100.318 2.74561
311325032 -0.877525 0.962792 1.6433 0 -100.318 2.74661
311332044 -0.864592 0.962792 1.64869 0 -100.318 2.74861
311339365 -0.851876 0.962792 1.65396 0 -100.318 2.74861
311345787 -0.83895 0.962792 1.65932 0 -100.317 2.75061
311352873 -0.826273 0.962792 1.66454 0 -100.316 2.75261
311360832 -0.811043 0.962792 1.67078 0 -100.316 2.75461
311366963 -0.800147 0.962792 1.67522 0 -100.315 2.75661
311373702 -0.787614 0.962792 1.6803 0 -100.315 2.75861
311380597 -0.774451 0.962792 1.68561 0 -100.315 2.76261
311388457 -0.761886 0.962792 1.69061 0 -100.313 2.76561
311394848 -0.748996 0.962792 1.6957 0 -100.313 2.76861
311402243 -0.736072 0.962792 1.70076 0 -100.313 2.77061
311408166 -0.723071 0.962792 1.70581 0 -100.312 2.77361
311415381 -0.709706 0.962792 1.71097 0 -100.312 2.77661
311423356 -0.697161 0.962792 1.71576 0 -100.312 2.78061
311429659 -0.684235 0.962792 1.72064 0 -100.312 2.78061
311436081 -0.671035 0.962792 1.72562 0 -100.311 2.78261
311444436 -0.655959 0.962792 1.73128 0 -100.311 2.78561
311450206 -0.645056 0.962792 1.73533 0 -100.311 2.78761
311457426 -0.631958 0.962792 1.74017 0 -100.31 2.79061
311463791 -0.619191 0.962792 1.74485 0 -100.31 2.79261
311471455 -0.606025 0.962792 1.74964 0 -100.31 2.79261
311477426 -0.593057 0.962792 1.75436 0 -100.31 2.79261
311484823 -0.580063 0.962792 1.75909 0 -100.31 2.79361
311491786 -0.566763 0.962792 1.76391 0 -100.31 2.79461
311498418 -0.553776 0.962792 1.76861 0 -100.31 2.79461
