60
445858002 -0.12076 5.71138 -3.20232 0 -100.189 -11.7994
445864452 -0.111666 5.70672 -3.19289 0 -100.191 -11.8004
445871274 -0.102741 5.70216 -3.18361 0 -100.195 -11.8014
445878168 -0.0937102 5.69761 -3.1742 0 -100.197 -11.8024
445885476 -0.0847797 5.69313 -3.16488 0 -100.2 -11.8024
445892310 -0.0750928 5.68832 -3.15477 0 -100.201 -11.8034
445898952 -0.0665267 5.68407 -3.14581 0 -100.202 -11.8034
445905943 -0.0573783 5.67956 -3.13624 0 -100.204 -11.8044
445912833 -0.0483613 5.67513 -3.12679 0 -100.205 -11.8044
445919855 -0.0392903 5.67069 -3.11729 0 -100.206 -11.8044
445926943 -0.0298708 5.66609 -3.10742 0 -100.206 -11.8044
445934824 -0.0208648 5.67546 -3.09798 0 -100.206 -11.8044
445940674 -0.0117017 5.68499 -3.08837 0 -100.206 -11.8044
445948245 -0.00254 5.69453 -3.07877 0 -100.207 -11.8044
445954480 0.00635388 5.70379 -3.06945 0 -100.208 -11.8044
445961646 0.0153542 5.71318 -3.06002 0 -100.208 -11.8044
445968264 0.024416 5.72263 -3.05052 0 -100.208 -11.8044
445976129 0.0342045 5.73283 -3.04027 0 -100.208 -11.8044
445982278 0.0426104 5.7416 -3.03146 0 -100.208 -11.8034
445989913 0.0518154 5.75119 -3.02183 0 -100.208 -11.8034
445996144 0.0608002 5.76055 -3.01243 0 -100.208 -11.8014
446003373 0.0700639 5.77017 -3.00278 0 -100.208 -11.8014
446010551 0.079141 5.77961 -2.99333 0 -100.208 -11.8014
446017145 0.088339 5.78917 -2.98374 0 -100.208 -11.8004
446024124 0.0974506 5.79863 -2.97427 0 -100.208 -11.7994
446031015 0.106611 5.80814 -2.96477 0 -100.208 -11.7984
446037891 0.115692 5.81754 -2.95536 0 -100.208 -11.7974
446044891 0.124911 5.82709 -2.94584 0 -100.207 -11.7954
446051857 0.133989 5.83646 -2.93649 0 -100.205 -11.7934
446060180 0.143934 5.84668 -2.9263 0 -100.203 -11.7914
446065756 0.152444 5.85539 -2.91761 0 -100.201 -11.7914
446072815 0.161561 5.8647 -2.9083 0 -100.197 -11.7894
446079774 0.170759 5.87403 -2.89895 0 -100.194 -11.7864
446086877 0.180043 5.88339 -2.88956 0 -100.19 -11.7844
446093539 0.189257 5.89263 -2.88028 0 -100.186 -11.7824
446101208 0.198484 5.88793 -2.87103 0 -100.186 -11.7814
446107702 0.207742 5.88323 -2.86176 0 -100.181 -11.7794
446114362 0.216943 5.87849 -2.85259 0 -100.176 -11.7764
446121151 0.226051 5.87373 -2.84357 0 -100.17 -11.7744
446128320 0.235574 5.86868 -2.83417 0 -100.166 -11.7744
446136083 0.244639 5.86382 -2.82522 0 -100.163 -11.7724
446143196 0.254807 5.85832 -2.81523 0 -100.157 -11.7704
446149207 0.263292 5.85366 -2.80692 0 -100.154 -11.7694
446156370 0.272545 5.84854 -2.79788 0 -100.15 -11.7684
446163074 0.281722 5.84341 -2.78893 0 -100.145 -11.7664
446170496 0.29081 5.83826 -2.7801 0 -100.14 -11.7644
446177084 0.300132 5.83292 -2.77108 0 -100.136 -11.7624
446185377 0.309326 5.82759 -2.76223 0 -100.136 -11.7614
446191182 0.318607 5.82223 -2.7533 0 -100.132 -11.7594
446197888 0.327829 5.81685 -2.74447 0 -100.13 -11.7574
446204605 0.336949 5.8115 -2.73577 0 -100.129 -11.7564
446211762 0.346375 5.80597 -2.72679 0 -100.126 -11.7544
446218555 0.355603 5.80052 -2.71804 0 -100.124 -11.7524
446226087 0.365658 5.79456 -2.70855 0 -100.122 -11.7524
446232496 0.374189 5.78948 -2.70049 0 -100.122 -11.7504
446239734 0.383437 5.78398 -2.69179 0 -100.12 -11.7504
446246580 0.392726 5.77842 -2.68305 0 -100.119 -11.7484
446253058 0.401967 5.77289 -2.6744 0 -100.118 -11.7464
446260130 0.411279 5.76731 -2.66571 0 -100.117 -11.7464
446267074 0.420466 5.76179 -2.65714 0 -100.117 -11.7454
