60
259346597 3.45638 3.1121 -3.04571 0 0.0830068 -19.6895
259354755 3.46662 3.11325 -3.05489 0 0.0830068 -19.6895
259360351 3.477 3.11441 -3.0642 0 0.0830068 -19.6895
259367560 3.48753 3.11558 -3.07363 0 0.0830068 -19.6895
259374147 3.49748 3.11669 -3.08256 0 0.0830068 -19.6895
259381325 3.50794 3.11786 -3.09193 0 0.0830068 -19.6895
259388218 3.51836 3.11903 -3.10127 0 0.0830068 -19.6895
259395339 3.52875 3.12019 -3.11059 0 0.0830068 -19.6895
259402010 3.53883 3.12131 -3.11963 0 0.0830068 -19.6895
259409169 3.54929 3.12248 -3.129 0 0.0830068 -19.6895
259415868 3.5594 3.12361 -3.13806 0 0.0830068 -19.6895
259422911 3.56967 3.12476 -3.14727 0 0.0830068 -19.6895
259429753 3.58001 3.12592 -3.15654 0 0.0830068 -19.6895
259436820 3.59031 3.12707 -3.16577 0 0.0830068 -19.6895
259443633 3.6006 3.12822 -3.175 0 0.0830068 -19.6895
259451435 3.61093 3.12937 -3.18426 0 0.0830068 -19.6895
259457429 3.62108 3.1305 -3.19336 0 0.0830068 -19.6895
259464644 3.63161 3.13168 -3.2028 0 0.0830068 -19.6895
259471358 3.64175 3.13281 -3.21189 0 0.0830068 -19.6895
259478492 3.65215 3.13398 -3.22121 0 0.0830068 -19.6895
259485311 3.66246 3.13513 -3.23045 0 0.0830068 -19.6895
259492308 3.67268 3.13627 -3.23961 0 0.0830068 -19.6895
259499205 3.68308 3.13743 -3.24893 0 0.0830068 -19.6895
259506227 3.69332 3.13858 -3.25811 0 0.0830068 -19.6895
259513068 3.70365 3.13973 -3.26738 0 0.0830068 -19.6895
259520137 3.71397 3.14088 -3.27663 0 0.0830068 -19.6895
259526917 3.72421 3.14203 -3.2858 0 0.0830068 -19.6895
259534086 3.73466 3.1432 -3.29518 0 0.0830068 -19.6895
259540817 3.74484 3.14433 -3.3043 0 0.0830068 -19.6895
259547919 3.7552 3.14549 -3.31359 0 0.0830068 -19.6895
259554747 3.7655 3.14664 -3.32282 0 0.0830068 -19.6895
259561993 3.77608 3.14782 -3.3323 0 0.0830068 -19.6895
259568785 3.78634 3.14897 -3.3415 0 0.0830068 -19.6895
259576526 3.79653 3.15011 -3.35063 0 0.0830068 -19.6895
259582640 3.8069 3.15127 -3.35993 0 0.0830068 -19.6895
259589590 3.81703 3.1524 -3.36901 0 0.0830068 -19.6895
259596395 3.82732 3.15355 -3.37824 0 0.0830068 -19.6895
259604715 3.83791 3.15473 -3.38773 0 0.0830068 -19.6895
259610386 3.84808 3.15587 -3.39685 0 0.0830068 -19.6895
259617510 3.85849 3.15703 -3.40618 0 0.0830068 -19.6895
259624054 3.86837 3.15813 -3.41503 0 0.0830068 -19.6895
259631238 3.87886 3.15931 -3.42444 0 0.0830068 -19.6895
259638024 3.8891 3.16045 -3.43362 0 0.0830068 -19.6895
259645772 3.89954 3.16162 -3.44298 0 0.0830068 -19.6895
259651982 3.90982 3.16277 -3.45219 0 0.0830068 -19.6895
259658984 3.92004 3.16391 -3.46136 0 0.0830068 -19.6895
259665871 3.93043 3.16507 -3.47067 0 0.0830068 -19.6895
259673028 3.94069 3.16621 -3.47986 0 0.0830068 -19.6895
259679768 3.95105 3.16737 -3.48915 0 0.0830068 -19.6895
259686820 3.96134 3.16852 -3.49838 0 0.0830068 -19.6895
259693662 3.97167 3.16968 -3.50764 0 0.0830068 -19.6895
259700743 3.982 3.17083 -3.5169 0 0.0830068 -19.6895
259707509 3.99222 3.17197 -3.52606 0 0.0830068 -19.6895
259714621 4.00258 3.17313 -3.53535 0 0.0830068 -19.6895
259721443 4.0129 3.17428 -3.5446 0 0.0830068 -19.6895
259728540 4.02324 3.17544 -3.55387 0 0.0830068 -19.6895
259735298 4.03346 3.17658 -3.56303 0 0.0830068 -19.6895
259742400 4.04383 3.17774 -3.57232 0 0.0830068 -19.6895
259749210 4.05411 3.17889 -3.58154 0 0.0830068 -19.6895
259756250 4.06438 3.18004 -3.59074 0 0.0830068 -19.6895
