60
317200643 1.82589 0.246151 1.32414 0 -100.461 -1.50539
317206773 1.81234 0.245203 1.32503 0 -100.461 -1.50339
317214398 1.79846 0.244233 1.32597 0 -100.461 -1.50339
317220387 1.78472 0.243274 1.3269 0 -100.461 -1.50339
317227538 1.77072 0.242295 1.32784 0 -100.462 -1.50239
317234743 1.7569 0.241343 1.32879 0 -100.462 -1.50139
317241753 1.74304 0.240389 1.32975 0 -100.463 -1.50139
317248610 1.72929 0.239455 1.33071 0 -100.463 -1.50139
317255760 1.71571 0.238534 1.33165 0 -100.463 -1.50039
317262379 1.70173 0.237585 1.33264 0 -100.463 -1.49839
317269469 1.68777 0.236638 1.33365 0 -100.465 -1.49839
317276344 1.67406 0.235734 1.33464 0 -100.465 -1.49739
317283371 1.66013 0.234817 1.33567 0 -100.466 -1.49639
317290133 1.64648 0.233931 1.33669 0 -100.466 -1.49639
317297311 1.63234 0.233014 1.33774 0 -100.467 -1.49539
317304138 1.61875 0.232146 1.33877 0 -100.467 -1.49539
317311101 1.6049 0.231261 1.33981 0 -100.467 -1.49339
317317932 1.59087 0.230365 1.3409 0 -100.467 -1.49339
317325151 1.57727 0.229496 1.34196 0 -100.467 -1.49339
317331664 1.56326 0.228601 1.34304 0 -100.467 -1.49339
317338686 1.54953 0.227724 1.34411 0 -100.467 -1.49339
317345612 1.5355 0.226827 1.3452 0 -100.467 -1.49339
317352695 1.52166 0.225944 1.34627 0 -100.467 -1.49339
317359391 1.50808 0.225076 1.34732 0 -100.467 -1.49339
317366567 1.49403 0.224178 1.34841 0 -100.467 -1.49339
317373278 1.48043 0.22331 1.34947 0 -100.467 -1.49339
317380498 1.46628 0.222406 1.35057 0 -100.467 -1.49339
317387065 1.453 0.221557 1.3516 0 -100.467 -1.49339
317394204 1.43902 0.220664 1.35268 0 -100.467 -1.49339
317401029 1.42522 0.219782 1.35375 0 -100.467 -1.49339
317408462 1.41081 0.218862 1.35487 0 -100.467 -1.49339
317415180 1.39706 0.217984 1.35593 0 -100.467 -1.49339
317422153 1.38353 0.217119 1.35698 0 -100.467 -1.49339
317428874 1.36981 0.216243 1.35805 0 -100.467 -1.49339
317438099 1.35588 0.215353 1.35913 0 -100.471 -1.49139
317443204 1.34198 0.21452 1.36024 0 -100.472 -1.49139
317450152 1.32811 0.213705 1.36134 0 -100.473 -1.48939
317459833 1.31434 0.212907 1.36246 0 -100.474 -1.48639
317464018 1.30054 0.212122 1.36363 0 -100.475 -1.48439
317473131 1.28691 0.211361 1.36481 0 -100.476 -1.48439
317477884 1.27295 0.210595 1.36602 0 -100.477 -1.48239
317484873 1.25912 0.20985 1.36725 0 -100.478 -1.47939
317491695 1.24531 0.20912 1.36851 0 -100.479 -1.47739
317500182 1.23151 0.208404 1.3698 0 -100.48 -1.47539
317505453 1.2178 0.207706 1.37112 0 -100.481 -1.47539
317512701 1.20377 0.207006 1.37246 0 -100.482 -1.47339
317519539 1.19025 0.206345 1.37378 0 -100.482 -1.47339
317528238 1.17373 0.205538 1.37539 0 -100.483 -1.47039
317533389 1.16192 0.204972 1.37658 0 -100.484 -1.46739
317540764 1.14881 0.204357 1.37795 0 -100.484 -1.46739
317547108 1.13466 0.203694 1.37941 0 -100.484 -1.46739
317554673 1.12119 0.203062 1.38081 0 -100.484 -1.46739
317560724 1.10759 0.202424 1.38222 0 -100.484 -1.46739
317567994 1.09349 0.201763 1.38369 0 -100.484 -1.46739
317574604 1.08001 0.201131 1.38508 0 -100.484 -1.46739
317581725 1.06629 0.200487 1.38651 0 -100.484 -1.46739
317588406 1.05258 0.199844 1.38793 0 -100.484 -1.46739
317595615 1.03856 0.199187 1.38939 0 -100.484 -1.46739
317602410 1.02476 0.198539 1.39082 0 -100.484 -1.46739
317609559 1.01082 0.197886 1.39227 0 -100.484 -1.46739
