60
302499781 1.81637 3.66669 -1.56773 0 -100.304 -1.23639
302506458 1.80353 3.66356 -1.56327 0 -100.304 -1.23639
302513256 1.79092 3.66048 -1.55888 0 -100.301 -1.23639
302519994 1.77802 3.65729 -1.5544 0 -100.297 -1.23639
302527988 1.76242 3.65336 -1.54898 0 -100.292 -1.23539
302533894 1.75268 3.65085 -1.54559 0 -100.29 -1.23539
302541242 1.73996 3.64755 -1.54115 0 -100.29 -1.23539
302547276 1.72712 3.64421 -1.53668 0 -100.286 -1.23539
302554074 1.71467 3.64092 -1.53234 0 -100.281 -1.23339
302562080 1.70157 3.63739 -1.52774 0 -100.277 -1.23339
302568079 1.68898 3.63393 -1.52333 0 -100.273 -1.23239
302575133 1.67625 3.63037 -1.51885 0 -100.269 -1.23039
302583251 1.66363 3.62679 -1.51438 0 -100.268 -1.22939
302589592 1.65126 3.62326 -1.50998 0 -100.268 -1.22939
302596656 1.63836 3.61958 -1.5054 0 -100.268 -1.22939
302602753 1.62587 3.61602 -1.50096 0 -100.264 -1.22739
302611060 1.61072 3.61163 -1.49554 0 -100.259 -1.22639
302616744 1.60067 3.60865 -1.49194 0 -100.256 -1.22439
302623569 1.58816 3.60491 -1.48742 0 -100.251 -1.22339
302630583 1.57557 3.60106 -1.48286 0 -100.246 -1.22139
302637611 1.56303 3.59716 -1.4783 0 -100.241 -1.22039
302644498 1.55048 3.59318 -1.47371 0 -100.237 -1.21939
302652491 1.53795 3.58915 -1.46911 0 -100.233 -1.21739
302658275 1.52554 3.58509 -1.46453 0 -100.229 -1.21639
302665455 1.513 3.58093 -1.4599 0 -100.226 -1.21539
302672965 1.50074 3.57682 -1.45535 0 -100.226 -1.21539
302679206 1.48829 3.57265 -1.45073 0 -100.225 -1.21539
302686155 1.47599 3.56851 -1.44616 0 -100.222 -1.21439
302695248 1.46092 3.56338 -1.44055 0 -100.218 -1.21339
302700088 1.4509 3.55993 -1.43681 0 -100.217 -1.21239
302707301 1.43866 3.55569 -1.43222 0 -100.214 -1.21239
302715480 1.42627 3.55136 -1.42758 0 -100.212 -1.21139
302721215 1.4139 3.547 -1.42293 0 -100.21 -1.21139
302728044 1.40119 3.54249 -1.41816 0 -100.208 -1.21039
302736286 1.38938 3.53828 -1.41371 0 -100.206 -1.20939
302742510 1.37706 3.53384 -1.40905 0 -100.204 -1.20939
302748765 1.36459 3.52933 -1.40433 0 -100.202 -1.20839
302755511 1.35254 3.52494 -1.39977 0 -100.201 -1.20839
302762567 1.34005 3.52037 -1.39503 0 -100.199 -1.20739
302769666 1.3278 3.51586 -1.39037 0 -100.197 -1.20639
302777836 1.31314 3.51042 -1.38478 0 -100.195 -1.20639
302783407 1.3034 3.50679 -1.38107 0 -100.191 -1.20539
302790355 1.29107 3.50212 -1.37635 0 -100.189 -1.20539
302797453 1.27893 3.4975 -1.3717 0 -100.187 -1.20339
302804261 1.26676 3.49284 -1.36702 0 -100.185 -1.20239
302811805 1.25455 3.48813 -1.36231 0 -100.185 -1.20239
302818222 1.24224 3.48338 -1.35755 0 -100.183 -1.20139
302825015 1.23007 3.47865 -1.35284 0 -100.181 -1.19939
302832921 1.21782 3.47386 -1.34807 0 -100.179 -1.19939
302838859 1.20579 3.46913 -1.34339 0 -100.177 -1.19739
302846193 1.1934 3.46422 -1.33853 0 -100.173 -1.19539
302853422 1.18154 3.45945 -1.33385 0 -100.17 -1.19439
302861171 1.1671 3.4536 -1.32815 0 -100.166 -1.19239
302866802 1.15735 3.4496 -1.32427 0 -100.164 -1.19239
302873860 1.14534 3.44464 -1.3195 0 -100.161 -1.19039
302880913 1.13323 3.43958 -1.31465 0 -100.159 -1.19039
302888830 1.12139 3.43462 -1.30992 0 -100.157 -1.18939
302894416 1.10925 3.42949 -1.30505 0 -100.154 -1.18939
302901901 1.09704 3.42429 -1.30015 0 -100.153 -1.18839
302908341 1.08533 3.41929 -1.29545 0 -100.15 -1.18739
