60
313589135 1.81465 0.731037 -0.467451 0 -100.466 1.02161
313595790 1.83407 0.730123 -0.472149 0 -100.466 1.00761
313602630 1.85328 0.729223 -0.47651 0 -100.467 0.995613
313610537 1.87478 0.728233 -0.48112 0 -100.466 0.978613
313616700 1.89178 0.727442 -0.484464 0 -100.466 0.966613
313623561 1.91087 0.726554 -0.487982 0 -100.466 0.939613
313630573 1.93063 0.72564 -0.491076 0 -100.466 0.927613
313638107 1.9498 0.724755 -0.493841 0 -100.466 0.910613
313645241 1.96903 0.723869 -0.496281 0 -100.466 0.897613
313653371 1.98877 0.722961 -0.498527 0 -100.466 0.894613
313659083 2.00785 0.722083 -0.500639 0 -100.466 0.892613
313666264 2.02778 0.721167 -0.502806 0 -100.464 0.877613
313673158 2.04695 0.72026 -0.5046 0 -100.464 0.876613
313679082 2.0668 0.71932 -0.506437 0 -100.464 0.866613
313685873 2.08601 0.718412 -0.508023 0 -100.464 0.852613
313694082 2.1086 0.717345 -0.509568 0 -100.464 0.835613
313699958 2.12559 0.716543 -0.510441 0 -100.464 0.824613
313707746 2.14522 0.715617 -0.511233 0 -100.464 0.824613
313714410 2.16449 0.714708 -0.512011 0 -100.464 0.808613
313720790 2.18408 0.713785 -0.512487 0 -100.464 0.792613
313727573 2.20394 0.712849 -0.512653 0 -100.464 0.779613
313734634 2.22362 0.711921 -0.512561 0 -100.464 0.766613
313741485 2.24324 0.710997 -0.512214 0 -100.464 0.752613
313750421 2.26291 0.710069 -0.511591 0 -100.464 0.732613
313755338 2.28213 0.709162 -0.510596 0 -100.464 0.721613
313762385 2.30195 0.708227 -0.509353 0 -100.464 0.706613
313769313 2.32118 0.707318 -0.507856 0 -100.464 0.690613
313777355 2.34343 0.706265 -0.505766 0 -100.464 0.667613
313783180 2.36045 0.705457 -0.503771 0 -100.464 0.648613
313790150 2.3798 0.704537 -0.501129 0 -100.464 0.628613
313797071 2.39923 0.70361 -0.49808 0 -100.464 0.606613
313804109 2.41852 0.702686 -0.494616 0 -100.464 0.585613
313811184 2.43799 0.70175 -0.490695 0 -100.466 0.563613
313818047 2.4573 0.700846 -0.486362 0 -100.467 0.540613
313825022 2.47644 0.699958 -0.481602 0 -100.467 0.518613
313832956 2.49546 0.699071 -0.476426 0 -100.467 0.515613
313840515 2.51433 0.69819 -0.471227 0 -100.467 0.512613
313847182 2.53298 0.697319 -0.466032 0 -100.467 0.510613
313853518 2.55156 0.696451 -0.460812 0 -100.467 0.510613
313860360 2.57284 0.695456 -0.454835 0 -100.467 0.487613
313867356 2.58999 0.694649 -0.449593 0 -100.467 0.465613
313873532 2.60821 0.693785 -0.443579 0 -100.466 0.447613
313880567 2.62673 0.692888 -0.437094 0 -100.466 0.427613
313888115 2.64471 0.692011 -0.430395 0 -100.466 0.403613
313894214 2.66284 0.691119 -0.423137 0 -100.465 0.385613
313901506 2.68136 0.690186 -0.415336 0 -100.465 0.368613
313908175 2.69905 0.689289 -0.407529 0 -100.465 0.351613
313915052 2.71696 0.688372 -0.399252 0 -100.465 0.335613
313921969 2.73437 0.687476 -0.390871 0 -100.465 0.320613
313929112 2.75227 0.686547 -0.38192 0 -100.466 0.305613
313936182 2.76964 0.685652 -0.372903 0 -100.466 0.288613
313943632 2.7887 0.684662 -0.362596 0 -100.466 0.272613
313950546 2.80392 0.683864 -0.354048 0 -100.466 0.256613
313958108 2.82114 0.682953 -0.344015 0 -100.466 0.253613
313964355 2.83789 0.682065 -0.33418 0 -100.466 0.253613
313970726 2.85473 0.681172 -0.324299 0 -100.467 0.239613
313977611 2.87155 0.680287 -0.314107 0 -100.468 0.223613
313984910 2.88851 0.6794 -0.303456 0 -100.468 0.208613
313991712 2.90469 0.678546 -0.292949 0 -100.469 0.196613
313998615 2.92113 0.677684 -0.281992 0 -100.47 0.183613
