60
270339944 3.80894 4.98859 -1.38642 0 0.798007 -19.6165
270346219 3.79885 4.98859 -1.39615 0 0.798007 -19.6165
270353478 3.7888 4.98859 -1.40584 0 0.798007 -19.6165
270360148 3.77879 4.98859 -1.41548 0 0.798007 -19.6165
270367231 3.76878 4.98859 -1.42513 0 0.798007 -19.6165
270373991 3.75886 4.98859 -1.43469 0 0.798007 -19.6165
270381092 3.74881 4.98859 -1.44438 0 0.798007 -19.6165
270387875 3.73887 4.98859 -1.45396 0 0.798007 -19.6165
270394960 3.72885 4.98859 -1.46362 0 0.798007 -19.6165
270401807 3.7188 4.98859 -1.4733 0 0.798007 -19.6165
270408836 3.70885 4.98859 -1.48289 0 0.798007 -19.6165
270415756 3.69871 4.98859 -1.49266 0 0.798007 -19.6165
270422744 3.68893 4.98859 -1.50209 0 0.798007 -19.6165
270429453 3.67899 4.98859 -1.51167 0 0.798007 -19.6165
270436692 3.66874 4.98859 -1.52155 0 0.798007 -19.6165
270443485 3.65878 4.98859 -1.53115 0 0.798007 -19.6165
270450610 3.64875 4.98859 -1.54082 0 0.798007 -19.6165
270457210 3.63902 4.98859 -1.55019 0 0.798007 -19.6165
270464938 3.62868 4.98859 -1.56016 0 0.798007 -19.6165
270471263 3.61879 4.98859 -1.56969 0 0.798007 -19.6165
270478589 3.60875 4.98859 -1.57937 0 0.798007 -19.6165
270485287 3.5986 4.98859 -1.58916 0 0.798007 -19.6165
270492377 3.58856 4.98859 -1.59883 0 0.798007 -19.6165
270499211 3.57854 4.98859 -1.60849 0 0.798007 -19.6165
270506264 3.56885 4.98859 -1.61783 0 0.798007 -19.6165
270512913 3.55881 4.98859 -1.62751 0 0.798007 -19.6165
270520291 3.5488 4.98859 -1.63715 0 0.798007 -19.6165
270526804 3.53881 4.98859 -1.64678 0 0.798007 -19.6165
270533926 3.52874 4.98859 -1.65648 0 0.798007 -19.6165
270540636 3.51889 4.98859 -1.66598 0 0.798007 -19.6165
270547734 3.50884 4.98859 -1.67567 0 0.798007 -19.6165
270554522 3.49889 4.98859 -1.68525 0 0.798007 -19.6165
270561640 3.48883 4.98859 -1.69495 0 0.798007 -19.6165
270568436 3.47885 4.98859 -1.70457 0 0.798007 -19.6165
270575549 3.46879 4.98859 -1.71426 0 0.798007 -19.6165
270582323 3.45885 4.98859 -1.72384 0 0.798007 -19.6165
270590149 3.44895 4.98859 -1.73339 0 0.798007 -19.6165
270596205 3.43886 4.98859 -1.74311 0 0.798007 -19.6165
270603311 3.42881 4.98859 -1.7528 0 0.798007 -19.6165
270610163 3.41876 4.98859 -1.76248 0 0.798007 -19.6165
270617268 3.40872 4.98859 -1.77216 0 0.798007 -19.6165
270623998 3.39884 4.98859 -1.78168 0 0.798007 -19.6165
270631077 3.38883 4.98859 -1.79133 0 0.798007 -19.6165
270637898 3.37882 4.98859 -1.80097 0 0.798007 -19.6165
270645069 3.36868 4.98859 -1.81075 0 0.798007 -19.6165
270651819 3.35878 4.98859 -1.8203 0 0.798007 -19.6165
270658803 3.34889 4.98859 -1.82982 0 0.798007 -19.6165
270665799 3.33865 4.98859 -1.83969 0 0.798007 -19.6165
270672942 3.32855 4.98859 -1.84943 0 0.798007 -19.6165
270679744 3.31857 4.98859 -1.85905 0 0.798007 -19.6165
270688478 3.30878 4.98859 -1.86848 0 0.798007 -19.6165
270693489 3.29878 4.98859 -1.87812 0 0.798007 -19.6165
270700671 3.28862 4.98859 -1.88791 0 0.798007 -19.6165
270707346 3.27882 4.98859 -1.89736 0 0.798007 -19.6165
270716138 3.26875 4.98859 -1.90706 0 0.798007 -19.6165
270721316 3.2587 4.98859 -1.91675 0 0.798007 -19.6165
270728627 3.24869 4.98859 -1.9264 0 0.798007 -19.6165
270735108 3.23884 4.98859 -1.93589 0 0.798007 -19.6165
270742482 3.22881 4.98859 -1.94556 0 0.798007 -19.6175
270749069 3.21874 4.98859 -1.95528 0 0.798007 -19.6185
