60
40277361 -6.80432 5.71917 2.94366 0 0.165 1.18636
40283575 -6.79066 5.71672 2.94919 0 0.165 1.18636
40289545 -6.77919 5.71466 2.95383 0 0.165 1.18636
40298403 -6.76406 5.71194 2.95995 0 0.165 1.18636
40303565 -6.75354 5.71005 2.96421 0 0.165 1.18636
40314567 -6.73365 5.70648 2.97225 0 0.165 1.18636
40318303 -6.72683 5.70526 2.97501 0 0.165 1.18636
40324344 -6.71556 5.70323 2.97957 0 0.165 1.18636
40332332 -6.70127 5.70066 2.98535 0 0.165 1.18636
40338192 -6.69023 5.69868 2.98982 0 0.165 1.18636
40349034 -6.67063 5.69516 2.99775 0 0.165 1.18636
40352091 -6.6648 5.69411 3.00011 0 0.165 1.18636
40360318 -6.6505 5.69155 3.00589 0 0.165 1.18636
40366880 -6.63813 5.68932 3.0109 0 0.165 1.18636
40372835 -6.62686 5.6873 3.01546 0 0.165 1.18636
40380503 -6.6131 5.68483 3.02102 0 0.165 1.18636
40386755 -6.60141 5.68273 3.02575 0 0.165 1.18636
40397547 -6.5819 5.67922 3.03364 0 0.165 1.18636
40400603 -6.57606 5.67817 3.03601 0 0.165 1.18636
40407642 -6.5634 5.6759 3.04113 0 0.165 1.18636
40414485 -6.55069 5.67362 3.04627 0 0.165 1.18636
40421519 -6.53801 5.67134 3.0514 0 0.165 1.18636
40432148 -6.51861 5.66785 3.05925 0 0.165 1.18636
40435353 -6.51251 5.66676 3.06172 0 0.165 1.18636
40442461 -6.49973 5.66446 3.06689 0 0.165 1.18636
40449294 -6.48703 5.66218 3.07203 0 0.165 1.18636
40456283 -6.47444 5.65992 3.07712 0 0.165 1.18636
40464208 -6.46007 5.65734 3.08294 0 0.165 1.18636
40470210 -6.44877 5.65531 3.08751 0 0.165 1.18636
40478355 -6.43423 5.6527 3.09339 0 0.165 1.18636
40484146 -6.4233 5.65073 3.09781 0 0.165 1.18636
40491119 -6.41075 5.64848 3.10289 0 0.165 1.18636
40497906 -6.39813 5.64621 3.10799 0 0.165 1.18636
40505140 -6.38527 5.6439 3.11319 0 0.165 1.18636
40515637 -6.36596 5.64043 3.12101 0 0.166 1.18636
40520007 -6.35841 5.63907 3.12406 0 0.166 1.18636
40527347 -6.34581 5.63679 3.12916 0 0.166 1.18536
40532733 -6.33444 5.63473 3.13377 0 0.166 1.18436
40539855 -6.32189 5.63247 3.13888 0 0.165 1.18436
40547868 -6.30805 5.62998 3.14451 0 0.165 1.18536
40553867 -6.29643 5.62789 3.14922 0 0.162 1.18536
40564442 -6.27707 5.62448 3.15708 0 0.16 1.18636
40568138 -6.27097 5.62341 3.15955 0 0.16 1.18636
40575375 -6.25849 5.62124 3.1646 0 0.159 1.18636
40581645 -6.24551 5.619 3.16985 0 0.157 1.18936
40589830 -6.23293 5.61685 3.17489 0 0.157 1.18936
40595427 -6.2202 5.61468 3.18 0 0.155 1.19436
40603700 -6.20628 5.61234 3.1855 0 0.152 1.19836
40610582 -6.19325 5.6102 3.19059 0 0.15 1.20336
40617423 -6.18058 5.60814 3.19547 0 0.148 1.20836
40623518 -6.16903 5.6063 3.19985 0 0.146 1.21336
40631097 -6.15503 5.6041 3.20508 0 0.145 1.21936
40637279 -6.14314 5.60226 3.20943 0 0.142 1.23236
40647785 -6.12316 5.59923 3.21647 0 0.139 1.24436
40652087 -6.11594 5.59816 3.21891 0 0.137 1.24836
40658126 -6.10417 5.59645 3.22285 0 0.135 1.25636
40665876 -6.0898 5.5944 3.22752 0 0.133 1.26536
40671938 -6.07799 5.59274 3.23124 0 0.132 1.27336
40682389 -6.05791 5.58995 3.2374 0 0.128 1.28636
40687065 -6.05021 5.58892 3.23965 0 0.126 1.29136
