60
517231715 1.61011 1.13852 -1.40623 0 -100.483 -12.5793
517238142 1.62388 1.13785 -1.39212 0 -100.483 -12.6093
517245181 1.63719 1.13719 -1.37763 0 -100.485 -12.6493
517252088 1.64987 1.13656 -1.36267 0 -100.489 -12.6843
517259007 1.662 1.13598 -1.34729 0 -100.49 -12.7233
517266237 1.67356 1.13542 -1.3314 0 -100.493 -12.7633
517273022 1.68444 1.1349 -1.3151 0 -100.497 -12.8063
517280032 1.69469 1.13443 -1.29823 0 -100.5 -12.8503
517287748 1.704 1.13401 -1.28124 0 -100.502 -12.8573
517293864 1.71344 1.13361 -1.26375 0 -100.502 -12.8883
517300850 1.72225 1.13321 -1.24612 0 -100.505 -12.9333
517307748 1.73012 1.13286 -1.22843 0 -100.508 -12.9653
517314582 1.73758 1.13255 -1.2101 0 -100.509 -12.9983
517321569 1.74437 1.13225 -1.19172 0 -100.509 -13.0283
517329602 1.7507 1.13194 -1.17283 0 -100.509 -13.0323
517335455 1.75685 1.13164 -1.15426 0 -100.51 -13.0583
517342988 1.76891 1.13164 -1.14779 0 -100.51 -13.0583
517350140 1.7817 1.13164 -1.14094 0 -100.509 -13.0913
517356816 1.79328 1.13164 -1.13423 0 -100.508 -13.1273
517363547 1.80523 1.13164 -1.12672 0 -100.508 -13.1273
517370818 1.81684 1.13164 -1.11943 0 -100.508 -13.1273
517377628 1.82912 1.13164 -1.11171 0 -100.507 -13.1693
517384792 1.84018 1.13164 -1.1041 0 -100.504 -13.2033
517391878 1.85116 1.13164 -1.09597 0 -100.501 -13.2403
517398262 1.86231 1.13164 -1.08707 0 -100.5 -13.2703
517404873 1.87273 1.13164 -1.07822 0 -100.497 -13.3413
517411843 1.88259 1.13164 -1.06856 0 -100.494 -13.3753
517418878 1.8921 1.13164 -1.05859 0 -100.491 -13.4113
517425731 1.9013 1.13164 -1.04823 0 -100.491 -13.4413
517432853 1.91035 1.13164 -1.03739 0 -100.491 -13.4733
517439595 1.91884 1.13164 -1.02654 0 -100.489 -13.4983
517446549 1.92714 1.13164 -1.01537 0 -100.484 -13.5253
517456081 1.93519 1.13164 -1.00389 0 -100.484 -13.5293
517460348 1.94296 1.13164 -0.992729 0 -100.483 -13.5443
517467506 1.9509 1.13164 -0.980932 0 -100.481 -13.5653
517475877 1.9585 1.13164 -0.969124 0 -100.481 -13.5693
517481901 1.96574 1.13164 -0.957775 0 -100.481 -13.5903
517488141 1.97288 1.13164 -0.946056 0 -100.48 -13.6123
517495103 1.97989 1.13164 -0.933938 0 -100.477 -13.6373
517502100 1.98659 1.13164 -0.921665 0 -100.474 -13.6593
517509223 1.99304 1.13164 -0.90921 0 -100.474 -13.6863
517515994 1.99906 1.13164 -0.896783 0 -100.474 -13.7093
517522987 2.0048 1.13164 -0.884193 0 -100.471 -13.7353
517529806 2.01024 1.13164 -0.871402 0 -100.468 -13.7613
517536647 2.01529 1.13164 -0.858606 0 -100.467 -13.7863
517543852 2.02012 1.13164 -0.845408 0 -100.466 -13.8073
517550775 2.02465 1.13164 -0.832162 0 -100.465 -13.8293
517558211 2.02882 1.13164 -0.819055 0 -100.465 -13.8293
517564762 2.03305 1.13164 -0.805728 0 -100.464 -13.8483
517571643 2.03703 1.13164 -0.792339 0 -100.463 -13.8663
517579635 2.04076 1.13164 -0.778924 0 -100.462 -13.8893
517585403 2.04412 1.13164 -0.765622 0 -100.462 -13.9083
517592514 2.04734 1.13164 -0.751817 0 -100.461 -13.9273
517600198 2.05025 1.13164 -0.738159 0 -100.461 -13.9273
517607126 2.05304 1.13164 -0.725065 0 -100.46 -13.9513
517614342 2.05565 1.13164 -0.711155 0 -100.46 -13.9733
517622869 2.05787 1.13164 -0.697731 0 -100.46 -13.9783
517626980 2.06006 1.13164 -0.684045 0 -100.459 -13.9903
517634239 2.06213 1.13164 -0.670071 0 -100.458 -14.0133
517643074 2.06384 1.13164 -0.656323 0 -100.458 -14.0163
