60
175139517 -1.55649 5.88434 1.43153 0 0.0100001 -10.9725
175146527 -1.54257 5.8842 1.4312 0 0.0100001 -10.9725
175153366 -1.52852 5.88406 1.43088 0 0.0100001 -10.9725
175160573 -1.51437 5.88392 1.43055 0 0.0100001 -10.9725
175167188 -1.50089 5.88378 1.43024 0 0.0100001 -10.9725
175174320 -1.48689 5.88364 1.42992 0 0.0100001 -10.9725
175181210 -1.47286 5.8835 1.42959 0 0.0100001 -10.9725
175188390 -1.45913 5.88337 1.42928 0 0.0100001 -10.9725
175195411 -1.44446 5.88322 1.42894 0 0.0100001 -10.9725
175202569 -1.43113 5.88308 1.42863 0 0.0100001 -10.9725
175208824 -1.41764 5.88295 1.42832 0 0.0100001 -10.9725
175215921 -1.40368 5.88281 1.428 0 0.0100001 -10.9725
175222710 -1.38988 5.88267 1.42768 0 0.0100001 -10.9725
175229823 -1.37588 5.88253 1.42735 0 0.0100001 -10.9725
175236665 -1.36198 5.88239 1.42703 0 0.0100001 -10.9725
175243736 -1.3481 5.88225 1.42671 0 0.0100001 -10.9715
175250980 -1.33415 5.88211 1.42638 0 0.0100001 -10.9705
175257577 -1.32039 5.88198 1.42603 0 0.0100001 -10.9695
175264713 -1.30635 5.88184 1.42566 0 0.0100001 -10.9685
175271487 -1.29259 5.8817 1.42529 0 0.0100001 -10.9655
175278866 -1.27832 5.88156 1.42486 0 0.0100001 -10.9645
175285552 -1.26474 5.88142 1.42444 0 0.0100001 -10.9615
175292597 -1.25102 5.88128 1.42397 0 0.0100001 -10.9605
175299299 -1.23721 5.88114 1.42349 0 0.0100001 -10.9595
175306213 -1.22317 5.881 1.42298 0 0.0100001 -10.9595
175313459 -1.20934 5.88086 1.42248 0 0.0100001 -10.9595
175320116 -1.19541 5.88073 1.42198 0 0.0100001 -10.9595
175327053 -1.18155 5.88059 1.42148 0 0.0100001 -10.9585
175334146 -1.1677 5.88045 1.42096 0 0.0100001 -10.9585
175341353 -1.15384 5.88031 1.42045 0 0.0100001 -10.9585
175347891 -1.13989 5.88017 1.41993 0 0.0100001 -10.9585
175354991 -1.12622 5.88003 1.41942 0 0.0100001 -10.9575
175363524 -1.11164 5.87989 1.41887 0 0.0100001 -10.9575
175369374 -1.09832 5.87975 1.41836 0 0.0100001 -10.9565
175376158 -1.08383 5.87961 1.41779 0 0.0100001 -10.9555
175382505 -1.07048 5.87947 1.41726 0 0.0100001 -10.9545
175390647 -1.05671 5.87934 1.41669 0 0.0100001 -10.9535
175396528 -1.04246 5.87919 1.41609 0 0.0100001 -10.9525
175404120 -1.02876 5.87906 1.4155 0 0.0100001 -10.9515
175410769 -1.0151 5.87892 1.4149 0 0.0100001 -10.9505
175418767 -1.00088 5.87878 1.41425 0 0.0100001 -10.9495
175424093 -0.987384 5.87864 1.41363 0 0.0100001 -10.9485
175431249 -0.973352 5.8785 1.41297 0 0.0100001 -10.9475
175437981 -0.959643 5.87837 1.41231 0 0.0100001 -10.9465
175445361 -0.945123 5.87822 1.4116 0 0.0100001 -10.9465
175452199 -0.93125 5.87808 1.41091 0 0.0100001 -10.9465
175460097 -0.916829 5.87794 1.41021 0 0.0100001 -10.9465
175466063 -0.903559 5.8778 1.40955 0 0.0100001 -10.9465
175473114 -0.889918 5.87767 1.40888 0 0.0100001 -10.9455
175479954 -0.875813 5.87753 1.40818 0 0.0100001 -10.9445
175487375 -0.86201 5.87739 1.40747 0 0.0100001 -10.9445
175494296 -0.84818 5.87725 1.40676 0 0.0100001 -10.9435
175501250 -0.834286 5.87711 1.40604 0 0.0100001 -10.9435
175508058 -0.820541 5.87697 1.40532 0 0.0100001 -10.9425
175515232 -0.806302 5.87683 1.40456 0 0.0100001 -10.9425
175521954 -0.792788 5.87669 1.40385 0 0.0100001 -10.9425
175529516 -0.778263 5.87655 1.40307 0 0.0100001 -10.9415
175535689 -0.764907 5.87641 1.40235 0 0.0100001 -10.9405
175542733 -0.750871 5.87627 1.40158 0 0.0100001 -10.9395
175550212 -0.737208 5.87614 1.40081 0 0.0100001 -10.9395
