60
125252417 0.448956 3.34717 -1.04969 0 0.202998 -9.64755
125258523 0.462704 3.34717 -1.04657 0 0.202998 -9.64655
125265749 0.475951 3.34717 -1.04358 0 0.202998 -9.64655
125272644 0.489716 3.34717 -1.04048 0 0.202998 -9.64555
125279515 0.50329 3.34717 -1.03743 0 0.202998 -9.64455
125286285 0.51662 3.34717 -1.03446 0 0.202998 -9.64355
125294586 0.530214 3.34717 -1.03143 0 0.202998 -9.64254
125300504 0.544117 3.34717 -1.02836 0 0.203998 -9.64154
125308281 0.557372 3.34717 -1.02544 0 0.203998 -9.64154
125313870 0.570921 3.34717 -1.02246 0 0.203998 -9.64154
125320972 0.584596 3.34717 -1.01944 0 0.203998 -9.64154
125327861 0.598037 3.34717 -1.01648 0 0.204998 -9.64054
125335065 0.611769 3.34717 -1.01347 0 0.204998 -9.64054
125341770 0.625163 3.34717 -1.01054 0 0.204998 -9.64054
125348752 0.638864 3.34717 -1.00754 0 0.204998 -9.64054
125356987 0.652088 3.34717 -1.00464 0 0.204998 -9.63954
125362403 0.665761 3.34717 -1.00165 0 0.204998 -9.63854
125369625 0.679636 3.34717 -0.998643 0 0.205998 -9.63854
125376350 0.693016 3.34717 -0.995738 0 0.206998 -9.63854
125383773 0.706666 3.34717 -0.992775 0 0.206998 -9.63854
125390230 0.720148 3.34717 -0.989848 0 0.206998 -9.63854
125397623 0.733763 3.34717 -0.986893 0 0.206998 -9.63854
125404156 0.747364 3.34717 -0.98394 0 0.206998 -9.63854
125411190 0.760889 3.34717 -0.981004 0 0.206998 -9.63854
125418010 0.774426 3.34717 -0.978065 0 0.206998 -9.63854
125425047 0.787962 3.34717 -0.975127 0 0.206998 -9.63854
125431909 0.801605 3.34717 -0.972165 0 0.206998 -9.63854
125439198 0.815243 3.34717 -0.969205 0 0.206998 -9.63854
125445895 0.828934 3.34717 -0.966233 0 0.206998 -9.63854
125452908 0.84243 3.34717 -0.963303 0 0.206998 -9.63854
125459740 0.855998 3.34717 -0.960358 0 0.206998 -9.63854
125466782 0.86954 3.34717 -0.957418 0 0.206998 -9.63854
125473872 0.883069 3.34717 -0.954481 0 0.206998 -9.63754
125480743 0.89649 3.34717 -0.951582 0 0.206998 -9.63754
125488512 0.910252 3.34717 -0.948608 0 0.206998 -9.63654
125494462 0.923863 3.34717 -0.945682 0 0.206998 -9.63554
125501733 0.937665 3.34717 -0.94273 0 0.206998 -9.63554
125508238 0.950819 3.34717 -0.939915 0 0.206998 -9.63554
125516420 0.964498 3.34717 -0.936989 0 0.206998 -9.63354
125522101 0.977938 3.34717 -0.934142 0 0.206998 -9.63154
125529692 0.992068 3.34717 -0.931178 0 0.206998 -9.63154
125536289 1.0057 3.34717 -0.928318 0 0.206998 -9.63154
125543634 1.01938 3.34717 -0.925449 0 0.206998 -9.63054
125550213 1.03295 3.34717 -0.922616 0 0.206998 -9.62954
125557483 1.04639 3.34717 -0.919826 0 0.206998 -9.62854
125564076 1.06011 3.34717 -0.916991 0 0.206998 -9.62754
125571524 1.07382 3.34717 -0.914172 0 0.206998 -9.62654
125578198 1.08734 3.34717 -0.911406 0 0.206998 -9.62554
125585111 1.10092 3.34717 -0.908643 0 0.206998 -9.62554
125592408 1.11438 3.34717 -0.905904 0 0.206998 -9.62354
125599205 1.12816 3.34717 -0.903127 0 0.206998 -9.62354
125608653 1.14163 3.34717 -0.900415 0 0.206998 -9.62154
125612784 1.15521 3.34717 -0.897708 0 0.206998 -9.62054
125619941 1.16896 3.34717 -0.894981 0 0.206998 -9.62054
125631667 1.18273 3.34717 -0.89225 0 0.206998 -9.61854
125633613 1.19645 3.34717 -0.889558 0 0.206998 -9.61654
125640791 1.20975 3.34717 -0.886977 0 0.206998 -9.61654
125647925 1.22353 3.34717 -0.8843 0 0.206998 -9.61554
125654622 1.23703 3.34717 -0.881694 0 0.206998 -9.61554
125662852 1.25295 3.34717 -0.878619 0 0.206998 -9.61554
