60
201569902 0.704323 1.40689 -2.18411 0 -0.168992 -10.8545
201576497 0.717805 1.40922 -2.18602 0 -0.168992 -10.8545
201583533 0.731328 1.41155 -2.18794 0 -0.168992 -10.8545
201590258 0.744661 1.41384 -2.18984 0 -0.168992 -10.8545
201597408 0.758401 1.41621 -2.19179 0 -0.168992 -10.8545
201604264 0.772006 1.41856 -2.19372 0 -0.168992 -10.8545
201611583 0.785946 1.42096 -2.1957 0 -0.168992 -10.8545
201618398 0.799583 1.42331 -2.19764 0 -0.168992 -10.8545
201625545 0.813172 1.42565 -2.19957 0 -0.168992 -10.8545
201632307 0.826734 1.42799 -2.20149 0 -0.168992 -10.8545
201639509 0.839853 1.43025 -2.20336 0 -0.168992 -10.8545
201646109 0.853672 1.43263 -2.20532 0 -0.168992 -10.8545
201653147 0.867066 1.43494 -2.20722 0 -0.168992 -10.8545
201662308 0.884751 1.43799 -2.20973 0 -0.168992 -10.8565
201667294 0.894327 1.43964 -2.21107 0 -0.168992 -10.8575
201675634 0.907919 1.44198 -2.21296 0 -0.167992 -10.8585
201681567 0.921604 1.44432 -2.21485 0 -0.165992 -10.8615
201688060 0.93489 1.44657 -2.21664 0 -0.163992 -10.8655
201696208 0.949838 1.44906 -2.2186 0 -0.160992 -10.8715
201701862 0.962175 1.45108 -2.22014 0 -0.157992 -10.8755
201709616 0.975733 1.45326 -2.22177 0 -0.157992 -10.8755
201717061 0.989365 1.45544 -2.22342 0 -0.155992 -10.8765
201723106 1.00289 1.45759 -2.22504 0 -0.150992 -10.8825
201730022 1.01633 1.45964 -2.22656 0 -0.144992 -10.8895
201736497 1.03015 1.46167 -2.22804 0 -0.139992 -10.8945
201743321 1.04373 1.4636 -2.22941 0 -0.127992 -10.9045
201750261 1.05738 1.46536 -2.23066 0 -0.120992 -10.9105
201757166 1.07106 1.46703 -2.23183 0 -0.114992 -10.9145
201764311 1.08511 1.46866 -2.23297 0 -0.108992 -10.9205
201771288 1.099 1.47018 -2.23401 0 -0.100992 -10.9255
201778716 1.11276 1.47158 -2.23498 0 -0.0999925 -10.9255
201785726 1.12613 1.47293 -2.23592 0 -0.0999925 -10.9255
201793029 1.13984 1.4743 -2.23688 0 -0.0989925 -10.9265
201799229 1.15386 1.4757 -2.23785 0 -0.0989925 -10.9265
201805697 1.1674 1.47705 -2.23879 0 -0.0939925 -10.9285
201812746 1.18129 1.47836 -2.23972 0 -0.0889925 -10.9305
201819608 1.19516 1.4796 -2.24063 0 -0.0839925 -10.9335
201827164 1.20894 1.48076 -2.24148 0 -0.0839925 -10.9335
201833601 1.22269 1.48192 -2.24234 0 -0.0799925 -10.9355
201842187 1.23681 1.48306 -2.24319 0 -0.0779925 -10.9355
201847508 1.25042 1.48412 -2.24401 0 -0.0749925 -10.9355
201855488 1.26422 1.48516 -2.24484 0 -0.0709925 -10.9375
201861709 1.27893 1.48621 -2.24569 0 -0.0669925 -10.9385
201868382 1.29205 1.48709 -2.24644 0 -0.0649925 -10.9395
201875255 1.30588 1.48799 -2.24722 0 -0.0629925 -10.9405
201882540 1.32018 1.4889 -2.24801 0 -0.0609925 -10.9415
201889065 1.33342 1.48971 -2.24872 0 -0.0589925 -10.9415
201896377 1.34775 1.49055 -2.2495 0 -0.0579925 -10.9415
201904666 1.36157 1.49136 -2.25025 0 -0.0559925 -10.9415
201910577 1.37544 1.49214 -2.251 0 -0.0539925 -10.9415
201917503 1.38917 1.49288 -2.25174 0 -0.0519925 -10.9415
201924678 1.4028 1.49359 -2.25248 0 -0.0519925 -10.9415
201931692 1.41664 1.49431 -2.25323 0 -0.0519925 -10.9415
201938029 1.43065 1.49504 -2.25399 0 -0.0509925 -10.9415
201945176 1.44513 1.49578 -2.25477 0 -0.0499925 -10.9415
201951703 1.45835 1.49644 -2.25549 0 -0.0479925 -10.9415
201960071 1.47203 1.4971 -2.25623 0 -0.0459925 -10.9415
201965933 1.48599 1.49774 -2.25698 0 -0.0439925 -10.9415
201972461 1.4997 1.49835 -2.25773 0 -0.0419925 -10.9415
201980179 1.51359 1.49893 -2.25848 0 -0.0399925 -10.9415
