60
166369412 2.85919 1.49798 -0.676184 0 0.199 -14.0135
166376179 2.85919 1.49798 -0.676184 0 0.199 -14.0135
166382881 2.85919 1.49798 -0.676184 0 0.199 -14.0135
166389830 2.85919 1.49798 -0.676184 0 0.199 -14.0135
166396675 2.85919 1.49798 -0.676184 0 0.199 -14.0135
166403857 2.85919 1.49798 -0.676184 0 0.199 -14.0135
166410576 2.85919 1.49798 -0.676184 0 0.199 -14.0135
166417890 2.85919 1.49798 -0.676184 0 0.199 -14.0135
166424458 2.85919 1.49798 -0.676184 0 0.199 -14.0135
166431656 2.85919 1.49798 -0.676184 0 0.199 -14.0135
166438377 2.85919 1.49798 -0.676184 0 0.199 -14.0135
166446044 2.85919 1.49798 -0.676184 0 0.199 -14.0135
166452335 2.85919 1.49798 -0.676184 0 0.199 -14.0135
166459508 2.85919 1.49798 -0.676184 0 0.199 -14.0135
166466176 2.85919 1.49798 -0.676184 0 0.199 -14.0135
166473701 2.85919 1.49798 -0.676184 0 0.199 -14.0135
166480130 2.85919 1.49798 -0.676184 0 0.199 -14.0135
166487423 2.85919 1.49798 -0.676184 0 0.199 -14.0135
166496963 2.85919 1.49798 -0.676184 0 0.198 -14.0135
166501340 2.85919 1.49798 -0.676184 0 0.198 -14.0125
166509616 2.85919 1.49798 -0.676184 0 0.198 -14.0115
166515106 2.85919 1.49798 -0.676184 0 0.198 -14.0055
166523497 2.85919 1.49798 -0.676184 0 0.198 -14.0045
166529140 2.85919 1.49798 -0.676184 0 0.199 -13.9955
166536470 2.85919 1.49798 -0.676184 0 0.2 -13.9865
166543730 2.85919 1.49798 -0.676184 0 0.2 -13.9795
166549585 2.85919 1.49798 -0.676184 0 0.2 -13.9745
166556396 2.85919 1.49798 -0.676184 0 0.201 -13.9725
166565236 2.85919 1.49798 -0.676184 0 0.201 -13.9695
166570121 2.85919 1.49798 -0.676184 0 0.201 -13.9665
166577903 2.85919 1.49798 -0.676184 0 0.201 -13.9665
166584023 2.85919 1.49798 -0.676184 0 0.201 -13.9665
166591219 2.85919 1.49798 -0.676184 0 0.201 -13.9665
166597979 2.85919 1.49798 -0.676184 0 0.201 -13.9665
166604993 2.85919 1.49798 -0.676184 0 0.201 -13.9665
166612461 2.85919 1.49798 -0.676184 0 0.201 -13.9665
166618792 2.85919 1.49798 -0.676184 0 0.201 -13.9665
166625787 2.85919 1.49798 -0.676184 0 0.201 -13.9665
166632649 2.85919 1.49798 -0.676184 0 0.201 -13.9665
166639739 2.85919 1.49798 -0.676184 0 0.201 -13.9625
166648536 2.85919 1.49798 -0.676184 0 0.201 -13.9605
166654736 2.85919 1.49798 -0.676184 0 0.203 -13.9475
166660636 2.85919 1.49798 -0.676184 0 0.205 -13.9325
166667816 2.85919 1.49798 -0.676184 0 0.206 -13.9115
166674633 2.85919 1.49798 -0.676184 0 0.208 -13.8895
166685699 2.85919 1.49798 -0.676184 0 0.208 -13.8865
166688369 2.85919 1.49798 -0.676184 0 0.208 -13.8775
166696160 2.85919 1.49798 -0.676184 0 0.208 -13.8505
166704883 2.85919 1.49798 -0.676184 0 0.208 -13.8465
166709251 2.85919 1.49798 -0.676184 0 0.207 -13.8395
166716244 2.85919 1.49798 -0.676184 0 0.207 -13.8295
166723180 2.85919 1.49798 -0.676184 0 0.207 -13.8245
166732330 2.85919 1.49798 -0.676184 0 0.207 -13.8235
166737018 2.85919 1.49798 -0.676184 0 0.207 -13.8225
166744411 2.85919 1.49798 -0.676184 0 0.207 -13.8225
166750756 2.85919 1.49798 -0.676184 0 0.207 -13.8225
166758445 2.85919 1.49798 -0.676184 0 0.208 -13.8275
166766877 2.85919 1.49798 -0.676184 0 0.21 -13.8345
166771697 2.85919 1.49798 -0.676184 0 0.21 -13.8415
166779110 2.85919 1.49798 -0.676184 0 0.211 -13.8465
