60
70969030 11.5063 1.25672 1.90062 0 0.0779985 -7.84857
70974459 11.4926 1.25565 1.90069 0 0.0779985 -7.84857
70981522 11.4788 1.25457 1.90077 0 0.0779985 -7.84857
70988529 11.4646 1.25346 1.90085 0 0.0779985 -7.84857
70996114 11.4511 1.2524 1.90092 0 0.0779985 -7.84857
71002402 11.4369 1.2513 1.901 0 0.0779985 -7.84857
71009344 11.4233 1.25023 1.90107 0 0.0779985 -7.84857
71016218 11.4094 1.24914 1.90115 0 0.0779985 -7.84857
71023464 11.3954 1.24805 1.90122 0 0.0779985 -7.84857
71030220 11.3815 1.24696 1.9013 0 0.0779985 -7.84857
71037340 11.368 1.24591 1.90137 0 0.0779985 -7.84857
71043867 11.3542 1.24483 1.90144 0 0.0779985 -7.84857
71051010 11.3402 1.24374 1.90152 0 0.0779985 -7.84857
71057815 11.3264 1.24266 1.90159 0 0.0779985 -7.84857
71064877 11.3126 1.24158 1.90167 0 0.0779985 -7.84857
71071749 11.2987 1.24049 1.90174 0 0.0779985 -7.84857
71078834 11.2848 1.2394 1.90182 0 0.0779985 -7.84857
71085641 11.271 1.23832 1.90189 0 0.0779985 -7.84857
71092639 11.2572 1.23725 1.90197 0 0.0779985 -7.84857
71099535 11.2433 1.23616 1.90204 0 0.0779985 -7.84857
71106502 11.2296 1.23509 1.90212 0 0.0779985 -7.84857
71113385 11.2156 1.234 1.90219 0 0.0779985 -7.84857
71120498 11.2017 1.23291 1.90227 0 0.0779985 -7.84857
71127314 11.1879 1.23183 1.90234 0 0.0779985 -7.84857
71134498 11.1738 1.23073 1.90242 0 0.0779985 -7.84857
71141247 11.1601 1.22966 1.90249 0 0.0779985 -7.84857
71148244 11.1464 1.22859 1.90257 0 0.0779985 -7.84857
71155104 11.1325 1.2275 1.90264 0 0.0779985 -7.84857
71162179 11.1186 1.22642 1.90272 0 0.0779985 -7.84857
71168929 11.1049 1.22534 1.90279 0 0.0779985 -7.84857
71175959 11.0911 1.22427 1.90287 0 0.0779985 -7.84857
71182853 11.0771 1.22317 1.90294 0 0.0779985 -7.84857
71189799 11.0635 1.22211 1.90302 0 0.0779985 -7.84857
71196803 11.0493 1.221 1.90309 0 0.0779985 -7.84857
71203850 11.0355 1.21992 1.90317 0 0.0779985 -7.84857
71210676 11.0217 1.21884 1.90324 0 0.0779985 -7.84857
71219472 11.0078 1.21776 1.90332 0 0.0779985 -7.84857
71224479 10.9941 1.21669 1.90339 0 0.0779985 -7.84857
71232639 10.9802 1.2156 1.90347 0 0.0779985 -7.84857
71238567 10.966 1.21449 1.90354 0 0.0779985 -7.84857
71246713 10.9524 1.21343 1.90362 0 0.0779985 -7.84857
71252423 10.9384 1.21233 1.90369 0 0.0779985 -7.84857
71259428 10.9247 1.21126 1.90377 0 0.0779985 -7.84857
71266210 10.9109 1.21018 1.90384 0 0.0779985 -7.84857
71273199 10.8972 1.20911 1.90392 0 0.0779985 -7.84857
71279954 10.8835 1.20804 1.90399 0 0.0779985 -7.84857
71287153 10.8694 1.20694 1.90407 0 0.0779985 -7.84857
71293950 10.8556 1.20586 1.90414 0 0.0779985 -7.84857
71301039 10.8417 1.20478 1.90422 0 0.0779985 -7.84857
71307808 10.828 1.2037 1.90429 0 0.0779985 -7.84857
71314856 10.8142 1.20262 1.90437 0 0.0779985 -7.84857
71321683 10.8003 1.20154 1.90444 0 0.0779985 -7.84857
71328765 10.7864 1.20045 1.90452 0 0.0779985 -7.84857
71335659 10.7724 1.19936 1.90459 0 0.0779985 -7.84857
71342643 10.7588 1.19829 1.90467 0 0.0779985 -7.84857
71349527 10.7448 1.1972 1.90474 0 0.0779985 -7.84857
71356557 10.731 1.19613 1.90482 0 0.0779985 -7.84857
71363301 10.7173 1.19505 1.90489 0 0.0779985 -7.84857
71370469 10.7033 1.19396 1.90497 0 0.0779985 -7.84857
71377267 10.6895 1.19288 1.90504 0 0.0779985 -7.84857
