60
357185742 -5.14665 1.70472 -0.440488 0 -100.422 -6.29039
357192191 -5.14665 1.70472 -0.440488 0 -100.419 -6.20139
357199096 -5.14665 1.70472 -0.440488 0 -100.417 -6.11939
357206054 -5.14665 1.70472 -0.440488 0 -100.409 -6.04339
357213303 -5.14665 1.70472 -0.440488 0 -100.404 -5.98439
357219957 -5.14665 1.70472 -0.440488 0 -100.401 -5.94339
357227296 -5.14665 1.70472 -0.440488 0 -100.396 -5.91439
357233961 -5.14665 1.70472 -0.440488 0 -100.392 -5.89439
357240779 -5.14665 1.70472 -0.440488 0 -100.389 -5.88339
357249511 -5.14665 1.70472 -0.440488 0 -100.387 -5.87839
357254850 -5.14665 1.70472 -0.440488 0 -100.386 -5.87639
357261767 -5.14665 1.70472 -0.440488 0 -100.386 -5.87539
357268846 -5.14665 1.70472 -0.440488 0 -100.385 -5.87539
357276678 -5.14665 1.70472 -0.440488 0 -100.385 -5.87539
357282412 -5.14665 1.70472 -0.440488 0 -100.385 -5.87539
357289521 -5.14665 1.70472 -0.440488 0 -100.385 -5.87539
357296302 -5.14665 1.70472 -0.440488 0 -100.385 -5.87539
357303628 -5.14665 1.70472 -0.440488 0 -100.385 -5.87539
357310325 -5.14665 1.70472 -0.440488 0 -100.385 -5.87539
357317281 -5.14665 1.70472 -0.440488 0 -100.385 -5.87539
357323906 -5.14665 1.70472 -0.440488 0 -100.385 -5.87539
357331172 -5.14665 1.70472 -0.440488 0 -100.385 -5.87539
357337857 -5.14665 1.70472 -0.440488 0 -100.385 -5.87539
357344919 -5.14665 1.70472 -0.440488 0 -100.385 -5.87539
357351808 -5.14665 1.70472 -0.440488 0 -100.385 -5.87539
357358776 -5.14665 1.70472 -0.440488 0 -100.385 -5.87539
357365644 -5.14665 1.70472 -0.440488 0 -100.385 -5.87539
357372658 -5.14665 1.70472 -0.440488 0 -100.385 -5.87539
357379510 -5.14665 1.70472 -0.440488 0 -100.385 -5.87539
357386558 -5.14665 1.70472 -0.440488 0 -100.385 -5.87539
357393387 -5.14665 1.70472 -0.440488 0 -100.385 -5.87539
357400498 -5.14665 1.70472 -0.440488 0 -100.385 -5.87539
357407253 -5.14665 1.70472 -0.440488 0 -100.385 -5.87539
357414428 -5.14665 1.70472 -0.440488 0 -100.385 -5.87539
357421147 -5.14665 1.70472 -0.440488 0 -100.385 -5.87539
357428327 -5.14665 1.70472 -0.440488 0 -100.385 -5.87939
357435495 -5.14665 1.70472 -0.440488 0 -100.385 -5.88539
357442547 -5.14665 1.70472 -0.440488 0 -100.385 -5.90339
357449410 -5.14665 1.70472 -0.440488 0 -100.385 -5.92339
357456945 -5.14665 1.70472 -0.440488 0 -100.385 -5.95839
357463076 -5.14665 1.70472 -0.440488 0 -100.384 -6.00239
357469877 -5.14665 1.70472 -0.440488 0 -100.383 -6.07639
357477021 -5.14665 1.70472 -0.440488 0 -100.382 -6.16139
357484486 -5.14665 1.70472 -0.440488 0 -100.382 -6.26439
357490743 -5.14665 1.70472 -0.440488 0 -100.382 -6.34539
357499359 -5.14665 1.70472 -0.440488 0 -100.383 -6.47239
357505315 -5.14665 1.70472 -0.440488 0 -100.383 -6.47239
357513389 -5.14665 1.70472 -0.440488 0 -100.381 -6.60139
357518647 -5.14665 1.70472 -0.440488 0 -100.373 -6.66839
357525623 -5.14665 1.70472 -0.440488 0 -100.359 -6.73839
357533708 -5.14665 1.70472 -0.440488 0 -100.358 -6.74539
357539509 -5.14665 1.70472 -0.440488 0 -100.354 -6.78639
357547155 -5.14665 1.70472 -0.440488 0 -100.351 -6.82039
357553302 -5.14665 1.70472 -0.440488 0 -100.351 -6.83939
357560283 -5.14665 1.70472 -0.440488 0 -100.351 -6.85139
357567872 -5.14665 1.70472 -0.440488 0 -100.352 -6.85439
357573876 -5.14665 1.70472 -0.440488 0 -100.353 -6.85739
357581015 -5.14665 1.70472 -0.440488 0 -100.353 -6.85739
357588307 -5.14665 1.70472 -0.440488 0 -100.354 -6.85439
357595183 -5.14665 1.70472 -0.440488 0 -100.356 -6.85139
