60
407393850 -6.76563 0.565793 1.08956 0 -100.555 -4.63641
407399768 -6.75302 0.566098 1.0886 0 -100.555 -4.63641
407406885 -6.73921 0.566432 1.08755 0 -100.555 -4.63641
407413715 -6.72522 0.566771 1.08649 0 -100.555 -4.63641
407420726 -6.71162 0.5671 1.08545 0 -100.555 -4.63641
407427660 -6.69743 0.567443 1.08437 0 -100.555 -4.63641
407434857 -6.68348 0.567781 1.08331 0 -100.555 -4.63641
407441505 -6.66982 0.568111 1.08227 0 -100.555 -4.63641
407448592 -6.65608 0.568444 1.08122 0 -100.555 -4.63641
407455245 -6.64243 0.568774 1.08018 0 -100.555 -4.63641
407462489 -6.62838 0.569114 1.07911 0 -100.555 -4.63641
407469144 -6.61472 0.569445 1.07807 0 -100.555 -4.63641
407476897 -6.59964 0.56981 1.07693 0 -100.555 -4.63641
407483128 -6.58686 0.570119 1.07595 0 -100.555 -4.63641
407490809 -6.57237 0.57047 1.07485 0 -100.555 -4.63641
407497121 -6.55894 0.570795 1.07383 0 -100.555 -4.63641
407504073 -6.54548 0.57112 1.0728 0 -100.555 -4.63641
407510799 -6.53167 0.571454 1.07175 0 -100.555 -4.63641
407518080 -6.51755 0.571796 1.07068 0 -100.555 -4.63641
407524724 -6.50391 0.572126 1.06964 0 -100.555 -4.63641
407533443 -6.4903 0.572455 1.0686 0 -100.555 -4.63641
407538507 -6.47642 0.572791 1.06755 0 -100.555 -4.63641
407545526 -6.46267 0.573124 1.0665 0 -100.555 -4.63641
407552224 -6.44908 0.573453 1.06546 0 -100.555 -4.63641
407559992 -6.43389 0.57382 1.06431 0 -100.555 -4.63641
407566199 -6.42121 0.574127 1.06334 0 -100.555 -4.63641
407573276 -6.40737 0.574462 1.06229 0 -100.555 -4.63641
407580178 -6.39334 0.574802 1.06122 0 -100.555 -4.63641
407587554 -6.37951 0.575136 1.06017 0 -100.555 -4.63641
407594055 -6.3657 0.575471 1.05912 0 -100.555 -4.63641
407601257 -6.35179 0.575807 1.05806 0 -100.555 -4.63641
407608094 -6.33769 0.576148 1.05699 0 -100.555 -4.63641
407615054 -6.32409 0.576477 1.05595 0 -100.555 -4.63641
407621754 -6.31046 0.576807 1.05491 0 -100.555 -4.63641
407628929 -6.29641 0.577147 1.05384 0 -100.555 -4.63641
407635686 -6.28268 0.57748 1.0528 0 -100.555 -4.63641
407643217 -6.26792 0.577837 1.05167 0 -100.555 -4.63641
407649557 -6.25503 0.578149 1.05069 0 -100.555 -4.63641
407656696 -6.24107 0.578487 1.04963 0 -100.555 -4.63641
407663478 -6.22727 0.57882 1.04858 0 -100.555 -4.63641
407670454 -6.2136 0.579151 1.04754 0 -100.555 -4.63641
407677372 -6.19957 0.579491 1.04647 0 -100.555 -4.63641
407684506 -6.18569 0.579827 1.04541 0 -100.555 -4.63641
407691358 -6.1717 0.580165 1.04435 0 -100.555 -4.63641
407699823 -6.15799 0.580497 1.0433 0 -100.555 -4.63641
407705112 -6.14427 0.580829 1.04226 0 -100.555 -4.63641
407712784 -6.13033 0.581166 1.0412 0 -100.555 -4.63641
407719001 -6.11658 0.581499 1.04015 0 -100.555 -4.63641
407727472 -6.10158 0.581862 1.03901 0 -100.555 -4.63641
407733027 -6.08864 0.582175 1.03803 0 -100.555 -4.63641
407740716 -6.07522 0.5825 1.037 0 -100.555 -4.63641
407746910 -6.06094 0.582845 1.03592 0 -100.555 -4.63641
407753818 -6.04741 0.583173 1.03489 0 -100.555 -4.63641
407760686 -6.03347 0.58351 1.03383 0 -100.555 -4.63641
407767803 -6.01955 0.583847 1.03277 0 -100.555 -4.63641
407774494 -6.00595 0.584176 1.03173 0 -100.555 -4.63641
407782242 -5.99197 0.584514 1.03067 0 -100.555 -4.63641
407788543 -5.97794 0.584854 1.0296 0 -100.555 -4.63641
407795534 -5.96427 0.585185 1.02856 0 -100.555 -4.63641
407802299 -5.95051 0.585518 1.02751 0 -100.555 -4.63641
