60
102034243 6.29219 3.48675 -0.274561 0 0.353999 10.9243
102038902 6.27954 3.48206 -0.275463 0 0.353999 10.9253
102046064 6.26639 3.47719 -0.276388 0 0.353999 10.9253
102053446 6.25231 3.47198 -0.277379 0 0.353999 10.9253
102059881 6.24058 3.46763 -0.278204 0 0.353999 10.9263
102067618 6.22615 3.46228 -0.279205 0 0.354999 10.9273
102073329 6.21451 3.45796 -0.28 0 0.355999 10.9283
102081244 6.20048 3.45273 -0.280945 0 0.356999 10.9293
102087333 6.18856 3.44828 -0.281735 0 0.356999 10.9303
102098320 6.16829 3.4407 -0.283059 0 0.356999 10.9313
102101113 6.16254 3.43855 -0.283429 0 0.356999 10.9323
102108127 6.14972 3.43376 -0.284241 0 0.356999 10.9333
102115179 6.13655 3.42884 -0.285061 0 0.357999 10.9344
102122357 6.12355 3.42396 -0.285858 0 0.358999 10.9363
102130621 6.10951 3.41869 -0.28669 0 0.359999 10.9383
102136320 6.09762 3.4142 -0.287372 0 0.359999 10.9383
102143327 6.08466 3.40932 -0.288114 0 0.359999 10.9383
102151226 6.07045 3.40396 -0.288928 0 0.360999 10.9394
102156997 6.05876 3.39954 -0.289586 0 0.360999 10.9413
102164468 6.04464 3.3942 -0.290352 0 0.361999 10.9424
102171055 6.03278 3.38971 -0.290984 0 0.362999 10.9434
102181447 6.01267 3.38205 -0.292036 0 0.363999 10.9454
102185656 6.00564 3.37938 -0.292389 0 0.363999 10.9454
102191356 5.99393 3.37491 -0.292978 0 0.363999 10.9454
102199700 5.97902 3.36922 -0.293727 0 0.364999 10.9474
102205272 5.96797 3.36499 -0.29426 0 0.365999 10.9494
102216161 5.94808 3.35736 -0.29518 0 0.365999 10.9494
102220621 5.94054 3.35447 -0.295529 0 0.365999 10.9504
102227468 5.92793 3.34963 -0.2961 0 0.365999 10.9504
102233474 5.91624 3.34514 -0.296629 0 0.366999 10.9514
102240069 5.90306 3.34008 -0.297212 0 0.367999 10.9524
102247101 5.89021 3.33511 -0.297768 0 0.367999 10.9524
102253899 5.87727 3.33012 -0.298328 0 0.367999 10.9524
102265155 5.85763 3.32254 -0.299177 0 0.367999 10.9524
102268693 5.85029 3.31971 -0.299494 0 0.367999 10.9524
102274640 5.83861 3.3152 -0.3 0 0.367999 10.9524
102282370 5.82443 3.30973 -0.300613 0 0.367999 10.9524
102288493 5.81276 3.30522 -0.301118 0 0.367999 10.9524
102299374 5.7927 3.29748 -0.301985 0 0.367999 10.9524
102302578 5.78651 3.29509 -0.302253 0 0.367999 10.9524
102309564 5.77376 3.29017 -0.302804 0 0.367999 10.9524
102317111 5.75983 3.2848 -0.303407 0 0.367999 10.9524
102323206 5.74806 3.28025 -0.303916 0 0.367999 10.9524
102330447 5.73488 3.27517 -0.304486 0 0.367999 10.9524
102337206 5.72195 3.27018 -0.305045 0 0.367999 10.9524
102348006 5.70204 3.2625 -0.305906 0 0.367999 10.9524
102352400 5.69495 3.25976 -0.306213 0 0.367999 10.9524
102357978 5.68322 3.25523 -0.30672 0 0.367999 10.9524
102365103 5.67018 3.2502 -0.307284 0 0.367999 10.9524
102371877 5.65731 3.24523 -0.307841 0 0.367999 10.9524
102382802 5.63717 3.23746 -0.308712 0 0.367999 10.9524
102385842 5.63127 3.23518 -0.308967 0 0.367999 10.9524
102392924 5.61832 3.23018 -0.309527 0 0.367999 10.9524
102399717 5.60541 3.2252 -0.310085 0 0.367999 10.9524
102407001 5.59251 3.22023 -0.310643 0 0.367999 10.9524
102413609 5.57951 3.21521 -0.311205 0 0.367999 10.9524
102420665 5.56658 3.21022 -0.311765 0 0.367999 10.9524
102431560 5.54627 3.20238 -0.312643 0 0.367999 10.9524
102434407 5.54073 3.20024 -0.312883 0 0.367999 10.9524
102442443 5.52671 3.19483 -0.313489 0 0.367999 10.9524
