60
520787782 2.43253 2.53309 -0.902397 0 -100.842 -14.1633
520793750 2.41925 2.53736 -0.902744 0 -100.888 -14.1573
520800699 2.40613 2.54226 -0.903009 0 -100.937 -14.1513
520807585 2.39343 2.54773 -0.903189 0 -100.971 -14.1453
520814663 2.38083 2.55367 -0.903292 0 -100.998 -14.1383
520821571 2.36843 2.55993 -0.903306 0 -101.019 -14.1323
520829310 2.35586 2.56661 -0.903246 0 -101.019 -14.1323
520836576 2.34364 2.5731 -0.903187 0 -101.022 -14.1313
520842384 2.33162 2.57953 -0.903116 0 -101.033 -14.1303
520850141 2.31907 2.58643 -0.903031 0 -101.033 -14.1303
520857224 2.3073 2.5929 -0.90295 0 -101.053 -14.1283
520863869 2.29481 2.60009 -0.90284 0 -101.066 -14.1253
520872789 2.28324 2.60696 -0.902703 0 -101.069 -14.1253
520877042 2.27126 2.61411 -0.902561 0 -101.079 -14.1243
520884130 2.25941 2.62135 -0.902409 0 -101.097 -14.1243
520890901 2.24786 2.6287 -0.902261 0 -101.112 -14.1213
520898005 2.23623 2.63635 -0.902077 0 -101.127 -14.1173
520904700 2.22483 2.64408 -0.901851 0 -101.143 -14.1133
520911877 2.21337 2.65214 -0.901578 0 -101.156 -14.1083
520919686 2.20217 2.66023 -0.901255 0 -101.157 -14.1083
520925814 2.19082 2.66844 -0.900927 0 -101.164 -14.1043
520932692 2.17975 2.67658 -0.900564 0 -101.171 -14.1003
520939348 2.1687 2.68482 -0.900156 0 -101.178 -14.0953
520947952 2.15749 2.6933 -0.899687 0 -101.179 -14.0953
520953398 2.14644 2.70169 -0.899225 0 -101.182 -14.0903
520960980 2.13531 2.71018 -0.898703 0 -101.182 -14.0903
520968130 2.12427 2.71861 -0.898186 0 -101.182 -14.0903
520974997 2.11319 2.72706 -0.897667 0 -101.187 -14.0873
520982380 2.10235 2.73543 -0.897126 0 -101.187 -14.0873
520988331 2.09137 2.7439 -0.896578 0 -101.189 -14.0843
520995292 2.08037 2.75242 -0.895996 0 -101.196 -14.0783
521002019 2.06949 2.76097 -0.895356 0 -101.199 -14.0743
521009055 2.05865 2.76955 -0.894674 0 -101.202 -14.0703
521016690 2.04783 2.77817 -0.893949 0 -101.205 -14.0653
521022821 2.03698 2.78686 -0.893169 0 -101.208 -14.0613
521030090 2.02607 2.79567 -0.89234 0 -101.209 -14.0553
521037591 2.01541 2.80429 -0.891466 0 -101.209 -14.0543
521043684 2.00465 2.81299 -0.890572 0 -101.209 -14.0473
521050853 1.99342 2.82208 -0.889561 0 -101.209 -14.0343
521058836 1.98308 2.83046 -0.888494 0 -101.209 -14.0323
521065106 1.97226 2.83923 -0.887355 0 -101.207 -14.0213
521072183 1.96159 2.84785 -0.886114 0 -101.203 -14.0053
521080197 1.95075 2.85656 -0.884677 0 -101.197 -13.9853
521085442 1.93985 2.86523 -0.883009 0 -101.192 -13.9723
521093406 1.92883 2.87393 -0.881176 0 -101.192 -13.9703
521099279 1.91841 2.88215 -0.879422 0 -101.186 -13.9523
521106283 1.90765 2.89057 -0.877409 0 -101.178 -13.9313
521113098 1.89675 2.89899 -0.875134 0 -101.171 -13.9113
521120170 1.88576 2.90739 -0.872609 0 -101.162 -13.8863
521127101 1.87487 2.91562 -0.869818 0 -101.154 -13.8613
521134925 1.8641 2.92366 -0.866771 0 -101.143 -13.8263
521140880 1.85338 2.93157 -0.863327 0 -101.135 -13.8013
521148127 1.84254 2.9395 -0.859542 0 -101.126 -13.7713
521154851 1.83188 2.94723 -0.85546 0 -101.117 -13.7323
521161789 1.82116 2.95498 -0.850867 0 -101.109 -13.6823
521168736 1.81082 2.9625 -0.845808 0 -101.104 -13.6433
521175788 1.80041 2.97014 -0.840204 0 -101.099 -13.5933
521182756 1.79047 2.97756 -0.834194 0 -101.093 -13.5493
521189532 1.78064 2.985 -0.827644 0 -101.09 -13.5053
521197760 1.77107 2.99243 -0.820638 0 -101.09 -13.4973
