60
431711946 4.42815 6.16477 -5.54849 0 -100.432 -7.52338
431718620 4.41508 6.1634 -5.544 0 -100.432 -7.52338
431726192 4.40108 6.16193 -5.5392 0 -100.432 -7.52338
431732512 4.38893 6.16065 -5.53503 0 -100.432 -7.52338
431740065 4.37505 6.1592 -5.53026 0 -100.432 -7.52338
431746472 4.36266 6.1579 -5.52601 0 -100.432 -7.52338
431753920 4.34975 6.15654 -5.52158 0 -100.432 -7.52338
431760241 4.33674 6.15517 -5.51711 0 -100.432 -7.52338
431767878 4.32335 6.15377 -5.51252 0 -100.432 -7.52338
431774320 4.31023 6.15239 -5.50802 0 -100.432 -7.52338
431782881 4.2973 6.15104 -5.50358 0 -100.432 -7.52338
431788163 4.28417 6.14966 -5.49907 0 -100.432 -7.52338
431795760 4.27129 6.14831 -5.49465 0 -100.432 -7.52338
431801867 4.25838 6.14695 -5.49022 0 -100.432 -7.52338
431809442 4.24437 6.14548 -5.48541 0 -100.432 -7.52338
431815828 4.2321 6.14419 -5.4812 0 -100.432 -7.52338
431823557 4.21892 6.14281 -5.47668 0 -100.432 -7.52338
431829782 4.20583 6.14144 -5.47219 0 -100.432 -7.52338
431836775 4.19293 6.14008 -5.46776 0 -100.432 -7.52338
431843642 4.17974 6.1387 -5.46323 0 -100.432 -7.52338
431850760 4.16659 6.13732 -5.45872 0 -100.432 -7.52338
431857506 4.15364 6.13596 -5.45428 0 -100.432 -7.52338
431864598 4.14052 6.13458 -5.44977 0 -100.432 -7.52338
431871369 4.12754 6.13322 -5.44532 0 -100.432 -7.52338
431878495 4.11439 6.13184 -5.4408 0 -100.432 -7.52338
431885209 4.10149 6.13049 -5.43638 0 -100.432 -7.52338
431893917 4.08753 6.12902 -5.43158 0 -100.432 -7.52338
431899195 4.07516 6.12772 -5.42734 0 -100.432 -7.52338
431906268 4.06209 6.12635 -5.42286 0 -100.432 -7.52338
431913068 4.04905 6.12498 -5.41838 0 -100.432 -7.52338
431920097 4.03606 6.12362 -5.41392 0 -100.432 -7.52338
431926920 4.02297 6.12224 -5.40943 0 -100.432 -7.52338
431934084 4.00974 6.12086 -5.40489 0 -100.432 -7.52338
431940998 3.99648 6.11946 -5.40034 0 -100.432 -7.52338
431948032 3.98367 6.11812 -5.39594 0 -100.432 -7.52338
431954750 3.97059 6.11675 -5.39145 0 -100.432 -7.52338
431961999 3.95719 6.11534 -5.38685 0 -100.432 -7.52338
431968542 3.94462 6.11402 -5.38254 0 -100.432 -7.52338
431976151 3.93056 6.11255 -5.37772 0 -100.432 -7.52338
431982699 3.91797 6.11122 -5.37339 0 -100.432 -7.52338
431990167 3.90519 6.10988 -5.36901 0 -100.432 -7.52338
431996425 3.89213 6.10851 -5.36453 0 -100.432 -7.52338
432004094 3.87924 6.10716 -5.3601 0 -100.432 -7.52338
432010289 3.86603 6.10577 -5.35557 0 -100.432 -7.52338
432017374 3.85294 6.1044 -5.35108 0 -100.432 -7.52338
432024177 3.83989 6.10303 -5.3466 0 -100.432 -7.52338
432032154 3.82674 6.10165 -5.34208 0 -100.432 -7.52338
432038017 3.81384 6.1003 -5.33766 0 -100.432 -7.52338
432045175 3.80061 6.09891 -5.33311 0 -100.432 -7.52338
432051899 3.78771 6.09755 -5.32869 0 -100.432 -7.52338
432059540 3.77357 6.09607 -5.32384 0 -100.432 -7.52338
432065852 3.76144 6.0948 -5.31967 0 -100.432 -7.52338
432073435 3.74833 6.09342 -5.31517 0 -100.432 -7.52338
432079759 3.73526 6.09205 -5.31069 0 -100.432 -7.52338
432086798 3.72232 6.09069 -5.30625 0 -100.432 -7.52338
432093587 3.70923 6.08932 -5.30175 0 -100.432 -7.52338
432100712 3.69608 6.08794 -5.29724 0 -100.432 -7.52338
432107440 3.68316 6.08658 -5.29281 0 -100.432 -7.52338
432114613 3.6699 6.08519 -5.28826 0 -100.432 -7.52338
432121347 3.65697 6.08383 -5.28382 0 -100.432 -7.52338
