60
10504617 0.204359 0.783294 -1.1387 0 0.078 -0.726636
10510481 0.204359 0.783294 -1.1387 0 0.078 -0.726636
10517645 0.204359 0.783294 -1.1387 0 0.078 -0.726636
10524277 0.204359 0.783294 -1.1387 0 0.078 -0.726636
10531483 0.204359 0.783294 -1.1387 0 0.078 -0.726636
10538160 0.204359 0.783294 -1.1387 0 0.078 -0.726636
10547862 0.204359 0.783294 -1.1387 0 0.078 -0.726636
10552085 0.204359 0.783294 -1.1387 0 0.078 -0.726636
10561368 0.204359 0.783294 -1.1387 0 0.078 -0.725636
10566438 0.204359 0.783294 -1.1387 0 0.078 -0.723637
10576641 0.204359 0.783294 -1.1387 0 0.078 -0.720636
10581238 0.204359 0.783294 -1.1387 0 0.073 -0.715636
10591190 0.204359 0.783294 -1.1387 0 0.07 -0.713637
10594859 0.204359 0.783294 -1.1387 0 0.064 -0.707637
10601049 0.204359 0.783294 -1.1387 0 0.052 -0.694637
10607926 0.204359 0.783294 -1.1387 0 0.035 -0.675637
10616074 0.204359 0.783294 -1.1387 0 0.014 -0.652637
10622127 0.204359 0.783294 -1.1387 0 0.003 -0.642637
10634727 0.204359 0.783294 -1.1387 0 0.000999998 -0.639637
10636918 0.204359 0.783294 -1.1387 0 -0.003 -0.634637
10649465 0.204359 0.783294 -1.1387 0 -0.006 -0.629637
10651590 0.204359 0.783294 -1.1387 0 -0.01 -0.626637
10656460 0.204359 0.783294 -1.1387 0 -0.016 -0.618636
10663937 0.204359 0.783294 -1.1387 0 -0.026 -0.607637
10671330 0.204359 0.783294 -1.1387 0 -0.027 -0.606637
10677096 0.204359 0.783294 -1.1387 0 -0.031 -0.598637
10684887 0.204359 0.783294 -1.1387 0 -0.039 -0.588637
10690921 0.204359 0.783294 -1.1387 0 -0.045 -0.581636
10698054 0.204359 0.783294 -1.1387 0 -0.048 -0.575637
10705001 0.204359 0.783294 -1.1387 0 -0.054 -0.569637
10711812 0.204359 0.783294 -1.1387 0 -0.059 -0.563637
10718867 0.204359 0.783294 -1.1387 0 -0.064 -0.557637
10725689 0.204359 0.783294 -1.1387 0 -0.068 -0.550637
10732680 0.204359 0.783294 -1.1387 0 -0.072 -0.543637
10739568 0.204359 0.783294 -1.1387 0 -0.077 -0.538637
10746540 0.204359 0.783294 -1.1387 0 -0.081 -0.532637
10755705 0.204359 0.783294 -1.1387 0 -0.081 -0.531637
10760452 0.204359 0.783294 -1.1387 0 -0.084 -0.528637
10767476 0.204359 0.783294 -1.1387 0 -0.087 -0.523637
10774292 0.204359 0.783294 -1.1387 0 -0.089 -0.518637
10781318 0.204359 0.783294 -1.1387 0 -0.092 -0.514637
10788297 0.204359 0.783294 -1.1387 0 -0.094 -0.511636
10795253 0.204359 0.783294 -1.1387 0 -0.096 -0.507636
10802221 0.204359 0.783294 -1.1387 0 -0.1 -0.502636
10809130 0.204359 0.783294 -1.1387 0 -0.103 -0.496636
10816076 0.204359 0.783294 -1.1387 0 -0.106 -0.492636
10823372 0.204359 0.783294 -1.1387 0 -0.109 -0.487636
10831293 0.204359 0.783294 -1.1387 0 -0.112 -0.482636
10836980 0.204359 0.783294 -1.1387 0 -0.115 -0.477636
10845166 0.204359 0.783294 -1.1387 0 -0.118 -0.473636
10850868 0.204359 0.783294 -1.1387 0 -0.12 -0.470636
10859400 0.204359 0.783294 -1.1387 0 -0.124 -0.465636
10865908 0.204359 0.783294 -1.1387 0 -0.127 -0.460636
10871618 0.204359 0.783294 -1.1387 0 -0.13 -0.457637
10878489 0.204359 0.783294 -1.1387 0 -0.134 -0.453636
10888820 0.204359 0.783294 -1.1387 0 -0.135 -0.453636
10892441 0.204359 0.783294 -1.1387 0 -0.137 -0.451636
10900552 0.204359 0.783294 -1.1387 0 -0.137 -0.451636
10907753 0.204359 0.783294 -1.1387 0 -0.14 -0.446636
10913224 0.204359 0.783294 -1.1387 0 -0.143 -0.443637
