60
34434111 -1.41406 0.824337 -0.675608 0 0.00800026 -1.58964
34437045 -1.42343 0.824262 -0.675785 0 0.00800026 -1.58964
34442474 -1.43449 0.824174 -0.675993 0 0.00800026 -1.58964
34449587 -1.44846 0.824062 -0.676256 0 0.00800026 -1.58964
34456423 -1.46238 0.823951 -0.676519 0 0.00800026 -1.58964
34463864 -1.477 0.823834 -0.676794 0 0.00800026 -1.58964
34470273 -1.49008 0.823729 -0.677041 0 0.00800026 -1.58964
34481030 -1.51134 0.823559 -0.677441 0 0.00800026 -1.58964
34484200 -1.51792 0.823506 -0.677565 0 0.00800026 -1.58964
34491306 -1.53184 0.823395 -0.677828 0 0.00800026 -1.58964
34498131 -1.54577 0.823283 -0.67809 0 0.00800026 -1.58964
34505067 -1.5594 0.823174 -0.678347 0 0.00800026 -1.58964
34516213 -1.58061 0.823004 -0.678747 0 0.00800026 -1.58964
34520428 -1.59009 0.822929 -0.678925 0 0.00800026 -1.58964
34526996 -1.60301 0.822825 -0.679169 0 0.00800026 -1.58964
34533891 -1.61688 0.822714 -0.67943 0 0.00800026 -1.58964
34539664 -1.62881 0.822619 -0.679655 0 0.00800026 -1.58964
34547680 -1.64385 0.822498 -0.679939 0 0.00800026 -1.58964
34553573 -1.65665 0.822396 -0.68018 0 0.00800026 -1.58964
34564362 -1.67796 0.822225 -0.680582 0 0.00800026 -1.58964
34567526 -1.68454 0.822173 -0.680706 0 0.00800026 -1.58964
34574598 -1.69841 0.822062 -0.680967 0 0.00800026 -1.58964
34581436 -1.71234 0.82195 -0.68123 0 0.00800026 -1.58964
34588468 -1.72615 0.82184 -0.68149 0 0.00800026 -1.58964
34598983 -1.74719 0.821671 -0.681886 0 0.00800026 -1.58964
34602247 -1.75397 0.821617 -0.682014 0 0.00800026 -1.58964
34609289 -1.76778 0.821507 -0.682274 0 0.00800026 -1.58964
34616155 -1.78176 0.821395 -0.682538 0 0.00800026 -1.58964
34623175 -1.79558 0.821284 -0.682798 0 0.00800026 -1.58964
34631108 -1.81066 0.821163 -0.683083 0 0.00800026 -1.58964
34636965 -1.82339 0.821062 -0.683322 0 0.00800026 -1.58964
34644033 -1.83729 0.82095 -0.683584 0 0.00800026 -1.58964
34650853 -1.85115 0.820839 -0.683846 0 0.00800026 -1.58964
34657903 -1.865 0.820729 -0.684107 0 0.00800026 -1.58964
34664782 -1.879 0.820617 -0.684371 0 0.00800026 -1.58964
34672325 -1.89282 0.820506 -0.684631 0 0.00800026 -1.58964
34682330 -1.91382 0.820338 -0.685027 0 0.00800026 -1.58964
34685599 -1.92064 0.820283 -0.685155 0 0.00800026 -1.58964
34692654 -1.93448 0.820173 -0.685416 0 0.00800026 -1.58964
34699471 -1.94837 0.820062 -0.685678 0 0.00800026 -1.58964
34706522 -1.96223 0.819951 -0.685939 0 0.00800026 -1.58964
34713394 -1.9762 0.819839 -0.686202 0 0.00800026 -1.58964
34720427 -1.99002 0.819728 -0.686463 0 0.00800026 -1.58964
34727323 -2.00404 0.819616 -0.686727 0 0.00800026 -1.58964
34735344 -2.01956 0.819492 -0.68702 0 0.00800026 -1.58964
34741120 -2.03165 0.819395 -0.687248 0 0.00800026 -1.58964
34748307 -2.04574 0.819282 -0.687513 0 0.00800026 -1.58964
34755013 -2.05941 0.819173 -0.687771 0 0.00800026 -1.58964
34765978 -2.0811 0.818999 -0.688179 0 0.00800026 -1.58964
34768911 -2.08723 0.81895 -0.688295 0 0.00800026 -1.58964
34775987 -2.10112 0.818839 -0.688557 0 0.00800026 -1.58964
34782819 -2.11502 0.818728 -0.688819 0 0.00800026 -1.58964
34789798 -2.12877 0.818618 -0.689078 0 0.00800026 -1.58964
34796681 -2.14274 0.818506 -0.689341 0 0.00800026 -1.58964
34803711 -2.15656 0.818396 -0.689602 0 0.00800026 -1.58964
34814293 -2.17773 0.818226 -0.690001 0 0.00800026 -1.58964
34817517 -2.18442 0.818173 -0.690127 0 0.00800026 -1.58964
34824573 -2.19825 0.818062 -0.690387 0 0.00800026 -1.59164
34831608 -2.21217 0.817951 -0.690678 0 0.00800026 -1.59364
34838641 -2.22604 0.81784 -0.690995 0 0.00700026 -1.59364
