60
68966372 1.59888 2.42157 -0.304548 0 0.147 4.23637
68970210 1.5878 2.41972 -0.31026 0 0.147 4.23637
68978092 1.5742 2.41745 -0.317274 0 0.133 4.24037
68984971 1.56205 2.41563 -0.323474 0 0.105 4.24937
68991130 1.5509 2.41432 -0.32904 0 0.0670001 4.26037
68998392 1.5385 2.41339 -0.335062 0 0.0660001 4.26037
69004607 1.52604 2.41248 -0.341113 0 0.0580001 4.26437
69015199 1.50702 2.41125 -0.350256 0 0.0450001 4.27437
69019599 1.49985 2.41089 -0.353613 0 0.0400001 4.27637
69026337 1.4872 2.41034 -0.359504 0 0.0330001 4.28337
69033341 1.47444 2.40987 -0.365341 0 0.0250001 4.29037
69039329 1.46319 2.40956 -0.370395 0 0.0200001 4.29537
69046292 1.45042 2.40928 -0.376051 0 0.0140001 4.30037
69053714 1.43757 2.40909 -0.381666 0 0.0140001 4.30037
69060475 1.42499 2.4089 -0.387165 0 0.0140001 4.30037
69068391 1.41105 2.40868 -0.393256 0 0.00700012 4.30437
69074340 1.39947 2.40859 -0.398264 0 0.00200012 4.30737
69081314 1.38664 2.40857 -0.403763 0 0.00200012 4.30737
69088437 1.3739 2.40854 -0.409227 0 -0.000999884 4.31037
69098682 1.35431 2.40856 -0.417554 0 -0.00399988 4.31337
69102556 1.3471 2.40859 -0.420597 0 -0.00599988 4.31537
69109019 1.33556 2.40867 -0.425434 0 -0.00599988 4.31637
69116201 1.32268 2.40875 -0.43082 0 -0.00799988 4.31837
69122587 1.30994 2.40886 -0.436116 0 -0.00999988 4.32237
69130118 1.29691 2.409 -0.441471 0 -0.00999988 4.32337
69137071 1.28407 2.40914 -0.446733 0 -0.00999988 4.32437
69144684 1.27025 2.40929 -0.452383 0 -0.0119999 4.33037
69151224 1.25707 2.40946 -0.457679 0 -0.0139999 4.33637
69157349 1.24562 2.40963 -0.4622 0 -0.0159999 4.34237
69164333 1.23262 2.40985 -0.46724 0 -0.0179999 4.34737
69172060 1.21972 2.4101 -0.472172 0 -0.0179999 4.34737
69181934 1.19986 2.41049 -0.479762 0 -0.0199999 4.35237
69186392 1.19247 2.41064 -0.482543 0 -0.0209999 4.35437
69193496 1.1795 2.41093 -0.487396 0 -0.0209999 4.35737
69200441 1.16639 2.41123 -0.492254 0 -0.0229999 4.36037
69206032 1.15468 2.41152 -0.496555 0 -0.0229999 4.36337
69213406 1.14146 2.41184 -0.501368 0 -0.0229999 4.36737
69220249 1.12832 2.41216 -0.506091 0 -0.0239999 4.37237
69227951 1.11427 2.41252 -0.51106 0 -0.0239999 4.37937
69235158 1.10106 2.41285 -0.51563 0 -0.0239999 4.39337
69240610 1.0892 2.41315 -0.519546 0 -0.0239999 4.39937
69248933 1.07459 2.41352 -0.524277 0 -0.0249999 4.40837
69254560 1.06281 2.41383 -0.527971 0 -0.0259999 4.42437
69265274 1.04235 2.41439 -0.534032 0 -0.0249999 4.43637
69269324 1.03483 2.41458 -0.536162 0 -0.0249999 4.44037
69275769 1.0227 2.4149 -0.539547 0 -0.0249999 4.44037
69283265 1.00801 2.41528 -0.543645 0 -0.0249999 4.44837
69289296 0.996027 2.41559 -0.546883 0 -0.0249999 4.45437
69297493 0.980966 2.41598 -0.550858 0 -0.0249999 4.46337
69303661 0.968969 2.41629 -0.553909 0 -0.0249999 4.46337
69310367 0.955564 2.41663 -0.557318 0 -0.0249999 4.46337
69318316 0.940855 2.41701 -0.561058 0 -0.0249999 4.47437
69325186 0.928573 2.41733 -0.564038 0 -0.0239999 4.47637
69332534 0.913887 2.41769 -0.56757 0 -0.0229999 4.48837
69338350 0.901798 2.41798 -0.570324 0 -0.0209999 4.49737
69348694 0.880739 2.41843 -0.574924 0 -0.0179999 4.51637
69353091 0.873146 2.41857 -0.576431 0 -0.0169999 4.52137
69359669 0.85924 2.41881 -0.57912 0 -0.0159999 4.52737
69366888 0.845626 2.41903 -0.581668 0 -0.0139999 4.53637
69372795 0.833482 2.4192 -0.583828 0 -0.0119999 4.55137
