60
153091943 -5.37469 3.73249 -0.654378 0 0.596997 -11.1065
153098430 -5.37469 3.73249 -0.654378 0 0.599997 -11.1065
153105248 -5.37469 3.73249 -0.654378 0 0.602997 -11.1065
153112539 -5.37469 3.73249 -0.654378 0 0.605997 -11.1075
153119311 -5.37469 3.73249 -0.654378 0 0.607997 -11.1085
153126166 -5.37469 3.73249 -0.654378 0 0.609997 -11.1085
153133240 -5.37469 3.73249 -0.654378 0 0.611997 -11.1085
153139928 -5.37469 3.73249 -0.654378 0 0.616997 -11.1105
153147765 -5.37469 3.73249 -0.654378 0 0.616997 -11.1105
153154978 -5.37469 3.73249 -0.654378 0 0.619997 -11.1125
153162865 -5.37469 3.73249 -0.654378 0 0.623997 -11.1145
153167730 -5.37469 3.73249 -0.654378 0 0.631997 -11.1175
153176879 -5.37469 3.73249 -0.654378 0 0.632997 -11.1175
153181707 -5.37469 3.73249 -0.654378 0 0.636997 -11.1195
153188651 -5.37469 3.73249 -0.654378 0 0.642997 -11.1225
153196385 -5.37469 3.73249 -0.654378 0 0.652997 -11.1285
153202496 -5.37469 3.73249 -0.654378 0 0.659997 -11.1315
153209448 -5.37469 3.73249 -0.654378 0 0.667997 -11.1375
153216387 -5.37469 3.73249 -0.654378 0 0.673997 -11.1425
153223320 -5.37469 3.73249 -0.654378 0 0.679997 -11.1475
153230220 -5.37469 3.73249 -0.654378 0 0.685997 -11.1535
153240476 -5.37469 3.73249 -0.654378 0 0.685997 -11.1545
153246714 -5.37469 3.73249 -0.654378 0 0.691997 -11.1585
153251232 -5.37469 3.73249 -0.654378 0 0.695997 -11.1615
153260505 -5.37469 3.73249 -0.654378 0 0.696997 -11.1625
153265062 -5.37469 3.73249 -0.654378 0 0.700997 -11.1665
153272161 -5.37469 3.73249 -0.654378 0 0.706997 -11.1725
153279455 -5.37469 3.73249 -0.654378 0 0.711997 -11.1795
153286896 -5.37469 3.73249 -0.654378 0 0.718997 -11.1855
153294749 -5.37469 3.73249 -0.654378 0 0.719997 -11.1855
153299790 -5.37469 3.73249 -0.654378 0 0.724997 -11.1895
153306645 -5.37469 3.73249 -0.654378 0 0.731997 -11.1955
153315844 -5.37469 3.73249 -0.654378 0 0.739997 -11.2025
153320687 -5.37469 3.73249 -0.654378 0 0.744997 -11.2085
153327528 -5.37469 3.73249 -0.654378 0 0.750997 -11.2155
153334508 -5.37469 3.73249 -0.654378 0 0.757997 -11.2225
153342577 -5.37469 3.73249 -0.654378 0 0.758997 -11.2245
153348413 -5.37469 3.73249 -0.654378 0 0.763997 -11.2285
153355148 -5.37469 3.73249 -0.654378 0 0.768997 -11.2345
153362698 -5.37469 3.73249 -0.654378 0 0.775997 -11.2405
153370000 -5.37469 3.73249 -0.654378 0 0.778997 -11.2445
153376075 -5.37469 3.73249 -0.654378 0 0.783997 -11.2485
153383182 -5.37469 3.73249 -0.654378 0 0.787997 -11.2525
153391560 -5.37469 3.73249 -0.654378 0 0.789997 -11.2535
153397526 -5.37469 3.73249 -0.654378 0 0.795997 -11.2575
153404584 -5.37469 3.73249 -0.654378 0 0.795997 -11.2575
153410825 -5.37469 3.73249 -0.654378 0 0.799997 -11.2605
153417805 -5.37469 3.73249 -0.654378 0 0.806997 -11.2665
153425565 -5.37469 3.73249 -0.654378 0 0.815997 -11.2735
153431703 -5.37469 3.73249 -0.654378 0 0.822997 -11.2785
153438921 -5.37469 3.73249 -0.654378 0 0.828997 -11.2865
153446032 -5.37469 3.73249 -0.654378 0 0.841997 -11.3005
153453498 -5.37469 3.73249 -0.654378 0 0.842997 -11.3005
153460573 -5.37469 3.73249 -0.654378 0 0.843997 -11.3015
153469305 -5.37469 3.73249 -0.654378 0 0.850997 -11.3095
153474719 -5.37469 3.73249 -0.654378 0 0.851997 -11.3105
153482882 -5.37469 3.73249 -0.654378 0 0.851997 -11.3115
153489053 -5.37469 3.73249 -0.654378 0 0.856997 -11.3185
153496245 -5.37469 3.73249 -0.654378 0 0.862997 -11.3255
153501184 -5.37469 3.73249 -0.654378 0 0.865997 -11.3305
