60
476239868 9.81041 2.317 1.1027 0 -100.308 -13.7244
476247092 9.81582 2.317 1.11506 0 -100.309 -13.7334
476253350 9.82133 2.317 1.12796 0 -100.309 -13.7404
476259870 9.82668 2.317 1.14072 0 -100.31 -13.7494
476267731 9.83196 2.317 1.15364 0 -100.31 -13.7494
476274098 9.83712 2.317 1.16629 0 -100.31 -13.7494
476281087 9.8424 2.317 1.17921 0 -100.31 -13.7494
476287483 9.84761 2.317 1.19196 0 -100.31 -13.7584
476294368 9.85274 2.317 1.20485 0 -100.31 -13.7664
476301565 9.85784 2.317 1.21799 0 -100.312 -13.7724
476308322 9.86281 2.317 1.231 0 -100.313 -13.7804
476315377 9.86764 2.317 1.24394 0 -100.315 -13.7854
476323053 9.87254 2.317 1.25731 0 -100.315 -13.7934
476329111 9.87708 2.317 1.26999 0 -100.315 -13.8004
476336310 9.88168 2.317 1.28313 0 -100.316 -13.8054
476343203 9.88619 2.317 1.29622 0 -100.317 -13.8134
476350103 9.89065 2.317 1.30952 0 -100.317 -13.8184
476357157 9.89506 2.317 1.32286 0 -100.318 -13.8254
476365007 9.89939 2.317 1.3363 0 -100.318 -13.8254
476372614 9.9035 2.317 1.34906 0 -100.319 -13.8334
476378535 9.90771 2.317 1.36249 0 -100.319 -13.8334
476386577 9.91191 2.317 1.37591 0 -100.32 -13.8414
476392383 9.91595 2.317 1.38915 0 -100.32 -13.8414
476399862 9.92004 2.317 1.40259 0 -100.32 -13.8434
476405936 9.92395 2.317 1.41549 0 -100.322 -13.8474
476413231 9.92791 2.317 1.42877 0 -100.322 -13.8534
476419564 9.93178 2.317 1.44206 0 -100.322 -13.8574
476426529 9.93563 2.317 1.45548 0 -100.323 -13.8634
476433474 9.93942 2.317 1.46895 0 -100.324 -13.8674
476440206 9.94308 2.317 1.48218 0 -100.324 -13.8724
476447319 9.94674 2.317 1.49569 0 -100.326 -13.8774
476454323 9.95025 2.317 1.50892 0 -100.327 -13.8844
476461130 9.95373 2.317 1.52238 0 -100.327 -13.8874
476468049 9.95721 2.317 1.53601 0 -100.329 -13.8914
476475079 9.96057 2.317 1.5494 0 -100.329 -13.8954
476481893 9.96388 2.317 1.56284 0 -100.329 -13.8994
476488777 9.96716 2.317 1.57638 0 -100.33 -13.9044
476495959 9.97037 2.317 1.58993 0 -100.331 -13.9084
476502738 9.97351 2.317 1.60341 0 -100.331 -13.9134
476509679 9.9766 2.317 1.61697 0 -100.331 -13.9184
476516665 9.97964 2.317 1.63066 0 -100.331 -13.9224
476523981 9.98256 2.317 1.64402 0 -100.331 -13.9224
476530564 9.98551 2.317 1.65758 0 -100.332 -13.9254
476537666 9.98846 2.317 1.67128 0 -100.333 -13.9284
476545983 9.99131 2.317 1.68477 0 -100.333 -13.9284
476551330 9.99419 2.317 1.69834 0 -100.333 -13.9324
476558295 9.99702 2.317 1.71199 0 -100.333 -13.9374
476565732 9.99991 2.317 1.72627 0 -100.333 -13.9434
476572550 10.0025 2.317 1.73937 0 -100.333 -13.9484
476579378 10.0051 2.317 1.75322 0 -100.334 -13.9524
476586092 10.0076 2.317 1.76654 0 -100.334 -13.9574
476595120 10.0101 2.317 1.78036 0 -100.334 -13.9594
476600734 10.0126 2.317 1.79395 0 -100.334 -13.9594
476607699 10.015 2.317 1.80751 0 -100.334 -13.9594
476613909 10.0175 2.317 1.82117 0 -100.334 -13.9644
476621439 10.0199 2.317 1.83493 0 -100.334 -13.9644
476628427 10.0222 2.317 1.84842 0 -100.334 -13.9694
476634721 10.0246 2.317 1.8624 0 -100.334 -13.9734
476641932 10.0268 2.317 1.87591 0 -100.334 -13.9794
476649544 10.029 2.317 1.88986 0 -100.334 -13.9794
