60
237840339 -3.38931 2.43643 -0.172356 0 0.284007 -11.0725
237846717 -3.4027 2.44035 -0.173388 0 0.286007 -11.0715
237854452 -3.41582 2.44422 -0.174387 0 0.287007 -11.0715
237861741 -3.431 2.44872 -0.175541 0 0.288007 -11.0715
237867653 -3.44257 2.45215 -0.176421 0 0.289007 -11.0715
237874741 -3.45606 2.45618 -0.177447 0 0.289007 -11.0705
237881959 -3.46919 2.46009 -0.178433 0 0.290007 -11.0705
237888657 -3.48249 2.46407 -0.179431 0 0.292007 -11.0705
237895632 -3.49563 2.46803 -0.180418 0 0.292007 -11.0705
237902573 -3.50878 2.472 -0.181405 0 0.293007 -11.0695
237909836 -3.52268 2.4762 -0.182435 0 0.293007 -11.0695
237916779 -3.53589 2.4802 -0.183413 0 0.294007 -11.0695
237924660 -3.54932 2.48428 -0.184408 0 0.295007 -11.0695
237930564 -3.56246 2.48828 -0.185381 0 0.296007 -11.0695
237937354 -3.57545 2.49225 -0.186343 0 0.297007 -11.0695
237945232 -3.5905 2.49687 -0.187457 0 0.298007 -11.0695
237951294 -3.60208 2.50044 -0.188315 0 0.299007 -11.0685
237961743 -3.61557 2.50461 -0.189301 0 0.299007 -11.0685
237964940 -3.62846 2.50859 -0.190242 0 0.299007 -11.0685
237972070 -3.64162 2.51266 -0.191204 0 0.300007 -11.0685
237978813 -3.6549 2.51677 -0.192174 0 0.301007 -11.0685
237986257 -3.66837 2.52097 -0.193158 0 0.301007 -11.0675
237993234 -3.68165 2.5251 -0.194115 0 0.302007 -11.0675
238000317 -3.69484 2.52922 -0.195065 0 0.302007 -11.0675
238007600 -3.70789 2.5333 -0.196006 0 0.303007 -11.0675
238013798 -3.72152 2.53757 -0.196987 0 0.304007 -11.0675
238020729 -3.73424 2.54157 -0.197904 0 0.305007 -11.0675
238029764 -3.74971 2.54645 -0.199018 0 0.306007 -11.0675
238034251 -3.76045 2.54986 -0.199792 0 0.307007 -11.0675
238041342 -3.77366 2.55406 -0.200744 0 0.307007 -11.0675
238048581 -3.7872 2.55836 -0.20172 0 0.308007 -11.0675
238055371 -3.80012 2.56248 -0.202651 0 0.308007 -11.0675
238062375 -3.81328 2.56668 -0.203599 0 0.308007 -11.0675
238069308 -3.82659 2.57092 -0.204558 0 0.308007 -11.0675
238076092 -3.83963 2.57508 -0.205497 0 0.308007 -11.0675
238083028 -3.85266 2.57924 -0.206436 0 0.308007 -11.0675
238090236 -3.8658 2.58343 -0.207383 0 0.308007 -11.0675
238096579 -3.87894 2.58762 -0.20833 0 0.308007 -11.0675
238103989 -3.89254 2.59196 -0.209309 0 0.308007 -11.0675
238111704 -3.90746 2.59671 -0.210384 0 0.308007 -11.0675
238117472 -3.91866 2.60029 -0.211191 0 0.308007 -11.0675
238124924 -3.93178 2.60447 -0.212137 0 0.308007 -11.0675
238131550 -3.94542 2.60882 -0.21312 0 0.308007 -11.0675
238138786 -3.95831 2.61293 -0.214048 0 0.308007 -11.0675
238145284 -3.97153 2.61715 -0.215001 0 0.308007 -11.0675
238152965 -3.98477 2.62137 -0.215955 0 0.308007 -11.0675
238159074 -3.99775 2.62551 -0.21689 0 0.308007 -11.0675
238166148 -4.01099 2.62974 -0.217844 0 0.308007 -11.0675
238172954 -4.02413 2.63393 -0.218791 0 0.308007 -11.0675
238180054 -4.03742 2.63817 -0.219748 0 0.308007 -11.0675
238186854 -4.05055 2.64236 -0.220695 0 0.308007 -11.0675
238195065 -4.06589 2.64725 -0.2218 0 0.308007 -11.0675
238200806 -4.07708 2.65082 -0.222606 0 0.308007 -11.0675
238207925 -4.09039 2.65506 -0.223565 0 0.308007 -11.0675
238215030 -4.1041 2.65944 -0.224553 0 0.308007 -11.0675
238222130 -4.11727 2.66364 -0.225501 0 0.308007 -11.0675
238228932 -4.13053 2.66787 -0.226457 0 0.308007 -11.0675
238236072 -4.14377 2.67209 -0.227411 0 0.308007 -11.0675
238242653 -4.15662 2.67619 -0.228337 0 0.308007 -11.0675
238250132 -4.16981 2.6804 -0.229287 0 0.308007 -11.0675
