60
127794394 5.46136 3.34717 -0.269776 0 0.167998 -9.48953
127800075 5.47531 3.34717 -0.268871 0 0.167998 -9.48953
127807856 5.48891 3.34717 -0.267989 0 0.167998 -9.48953
127813935 5.50297 3.34717 -0.267078 0 0.167998 -9.48953
127820883 5.51663 3.34717 -0.266192 0 0.167998 -9.48953
127827605 5.53025 3.34717 -0.265308 0 0.167998 -9.48953
127834756 5.54429 3.34717 -0.264398 0 0.167998 -9.48953
127841586 5.55816 3.34717 -0.263499 0 0.167998 -9.48953
127848852 5.57218 3.34717 -0.26259 0 0.167998 -9.48953
127855440 5.58581 3.34717 -0.261706 0 0.167998 -9.48953
127862498 5.5997 3.34717 -0.260805 0 0.167998 -9.48953
127869340 5.61355 3.34717 -0.259907 0 0.167998 -9.48953
127876359 5.62732 3.34717 -0.259014 0 0.167998 -9.48953
127883327 5.64146 3.34717 -0.258097 0 0.167998 -9.48953
127890271 5.6551 3.34717 -0.257213 0 0.167998 -9.48953
127897139 5.66903 3.34717 -0.256309 0 0.167998 -9.48953
127904235 5.68297 3.34717 -0.255406 0 0.167998 -9.48953
127911000 5.69669 3.34717 -0.254515 0 0.167998 -9.48953
127918100 5.71064 3.34717 -0.253611 0 0.167998 -9.48953
127924808 5.72425 3.34717 -0.252728 0 0.167998 -9.48953
127931983 5.73834 3.34717 -0.251815 0 0.167998 -9.48953
127938794 5.75217 3.34717 -0.250918 0 0.167998 -9.48953
127946052 5.76624 3.34717 -0.250005 0 0.167998 -9.48953
127952831 5.78017 3.34717 -0.249102 0 0.167998 -9.48953
127960052 5.79384 3.34717 -0.248216 0 0.167998 -9.48953
127966708 5.80787 3.34717 -0.247306 0 0.167998 -9.48953
127973811 5.82184 3.34717 -0.2464 0 0.167998 -9.48953
127980488 5.83538 3.34717 -0.245522 0 0.167998 -9.48953
127987883 5.84965 3.34717 -0.244597 0 0.167998 -9.48953
127994340 5.86302 3.34717 -0.24373 0 0.167998 -9.48953
128001532 5.87718 3.34717 -0.242812 0 0.167998 -9.48953
128008216 5.89072 3.34717 -0.241934 0 0.167998 -9.48953
128016059 5.90474 3.34717 -0.241025 0 0.167998 -9.48953
128022065 5.91836 3.34717 -0.240141 0 0.167998 -9.48953
128029115 5.93222 3.34717 -0.239242 0 0.167998 -9.48953
128036033 5.94624 3.34717 -0.238333 0 0.167998 -9.48953
128043086 5.96007 3.34717 -0.237436 0 0.167998 -9.48953
128049914 5.97394 3.34717 -0.236537 0 0.167998 -9.48953
128057827 5.98765 3.34717 -0.235648 0 0.167998 -9.48953
128063795 6.00165 3.34717 -0.23474 0 0.167998 -9.48953
128070904 6.0156 3.34717 -0.233836 0 0.167998 -9.48953
128077645 6.02929 3.34717 -0.232948 0 0.167998 -9.48953
128084771 6.04328 3.34717 -0.23204 0 0.167998 -9.48953
128091550 6.05704 3.34717 -0.231148 0 0.167998 -9.48953
128098711 6.0711 3.34717 -0.230236 0 0.167998 -9.48953
128105406 6.08468 3.34717 -0.229356 0 0.167998 -9.48953
128112486 6.0986 3.34717 -0.228453 0 0.167998 -9.48953
128119393 6.11261 3.34717 -0.227545 0 0.167998 -9.48953
128126946 6.12642 3.34717 -0.226649 0 0.167998 -9.48953
128133337 6.14043 3.34717 -0.225741 0 0.167998 -9.48953
128140669 6.15416 3.34717 -0.224851 0 0.167998 -9.48953
128147123 6.16795 3.34717 -0.223956 0 0.167998 -9.48953
128154197 6.18183 3.34717 -0.223056 0 0.167998 -9.48953
128161000 6.19564 3.34717 -0.22216 0 0.167998 -9.48953
128168225 6.20982 3.34717 -0.221241 0 0.167998 -9.48953
128174960 6.2235 3.34717 -0.220354 0 0.167998 -9.48953
128182206 6.23739 3.34717 -0.219453 0 0.167998 -9.48953
128188845 6.25121 3.34717 -0.218557 0 0.167998 -9.48953
128195992 6.26527 3.34717 -0.217645 0 0.167998 -9.48953
128202710 6.27889 3.34717 -0.216762 0 0.167998 -9.48953
