60
236208048 -0.18919 2.03306 0.284772 0 0.00900693 -11.0205
236214818 -0.203251 2.03319 0.284422 0 0.00900693 -11.0205
236221839 -0.217067 2.03331 0.284078 0 0.00900693 -11.0205
236228882 -0.231366 2.03344 0.283721 0 0.00900693 -11.0205
236237019 -0.245465 2.03357 0.28337 0 0.00900693 -11.0205
236242717 -0.259026 2.03369 0.283032 0 0.00900693 -11.0205
236250012 -0.273285 2.03382 0.282677 0 0.00900693 -11.0205
236256635 -0.28685 2.03394 0.282339 0 0.00900693 -11.0205
236263846 -0.300907 2.03406 0.281989 0 0.00900693 -11.0205
236270463 -0.314496 2.03419 0.28165 0 0.00900693 -11.0205
236278651 -0.330385 2.03433 0.281254 0 0.00900693 -11.0205
236284509 -0.342577 2.03444 0.28095 0 0.00900693 -11.0205
236291658 -0.356438 2.03457 0.280605 0 0.00900693 -11.0205
236298470 -0.370491 2.03469 0.280255 0 0.00900693 -11.0205
236305414 -0.384032 2.03481 0.279917 0 0.00900693 -11.0205
236312237 -0.398015 2.03494 0.279569 0 0.00900693 -11.0205
236319324 -0.411818 2.03506 0.279225 0 0.00900693 -11.0205
236326168 -0.425859 2.03519 0.278875 0 0.00900693 -11.0205
236333464 -0.440106 2.03532 0.27852 0 0.00900693 -11.0205
236339885 -0.453292 2.03544 0.278191 0 0.00900693 -11.0205
236347207 -0.467583 2.03557 0.277835 0 0.00900693 -11.0205
236353880 -0.481268 2.03569 0.277494 0 0.00900693 -11.0205
236362636 -0.497204 2.03583 0.277097 0 0.00900693 -11.0205
236367808 -0.509116 2.03594 0.2768 0 0.00900693 -11.0205
236375519 -0.523623 2.03607 0.276439 0 0.00900693 -11.0205
236381699 -0.53689 2.03619 0.276108 0 0.00900693 -11.0205
236390451 -0.550612 2.03631 0.275766 0 0.00900693 -11.0205
236395471 -0.564427 2.03644 0.275422 0 0.00900693 -11.0205
236402804 -0.578632 2.03657 0.275068 0 0.00900693 -11.0205
236409373 -0.592215 2.03669 0.27473 0 0.00900693 -11.0205
236416643 -0.60639 2.03682 0.274376 0 0.00900693 -11.0205
236423334 -0.620131 2.03694 0.274034 0 0.00900693 -11.0205
236430537 -0.63417 2.03707 0.273684 0 0.00900693 -11.0205
236437236 -0.647894 2.03719 0.273342 0 0.00900693 -11.0205
236445533 -0.663868 2.03734 0.272944 0 0.00900693 -11.0205
236451125 -0.675696 2.03744 0.27265 0 0.00900693 -11.0205
236458231 -0.689565 2.03757 0.272304 0 0.00900693 -11.0205
236464964 -0.703362 2.03769 0.27196 0 0.00900693 -11.0205
236472082 -0.717241 2.03782 0.271614 0 0.00900693 -11.0205
236478998 -0.731418 2.03794 0.271261 0 0.00900693 -11.0205
236487841 -0.745293 2.03807 0.270915 0 0.00900693 -11.0205
236492781 -0.758979 2.03819 0.270574 0 0.00900693 -11.0205
236499946 -0.77295 2.03832 0.270226 0 0.00900693 -11.0205
236506616 -0.786637 2.03844 0.269885 0 0.00900693 -11.0205
236513845 -0.800726 2.03857 0.269534 0 0.00900693 -11.0205
236520501 -0.814397 2.03869 0.269193 0 0.00900693 -11.0205
236530604 -0.830086 2.03883 0.268802 0 0.00900693 -11.0205
236534428 -0.842245 2.03894 0.268499 0 0.00900693 -11.0205
236541779 -0.856514 2.03907 0.268144 0 0.00900693 -11.0205
236548535 -0.870441 2.0392 0.267797 0 0.00900693 -11.0205
236555565 -0.884163 2.03932 0.267455 0 0.00900693 -11.0205
236562095 -0.897554 2.03944 0.267121 0 0.00900693 -11.0205
236569247 -0.911549 2.03957 0.266772 0 0.00900693 -11.0205
236576010 -0.925376 2.03969 0.266428 0 0.00900693 -11.0205
236583453 -0.939759 2.03982 0.26607 0 0.0100069 -11.0205
236590903 -0.953022 2.03995 0.265739 0 0.0110069 -11.0205
236597043 -0.967059 2.04011 0.265389 0 0.0130069 -11.0205
236604360 -0.98062 2.04028 0.265051 0 0.0130069 -11.0205
236611522 -0.996134 2.04049 0.264665 0 0.0150069 -11.0205
236617562 -1.00846 2.04067 0.264358 0 0.0170069 -11.0205
