60
71653927 -3.36656 1.88807 -1.14652 0 0.133 3.72737
71657180 -3.37403 1.88626 -1.15777 0 0.128 3.72237
71666643 -3.38176 1.88445 -1.16955 0 0.126 3.72137
71671211 -3.3892 1.88273 -1.18091 0 0.122 3.71537
71682070 -3.40065 1.88014 -1.19863 0 0.114 3.70537
71686178 -3.40486 1.87924 -1.20528 0 0.11 3.70137
71692324 -3.41146 1.87787 -1.21582 0 0.11 3.70137
71700207 -3.4195 1.8762 -1.22865 0 0.105 3.69237
71706539 -3.42607 1.87487 -1.23935 0 0.101 3.68837
71713244 -3.4334 1.87344 -1.25139 0 0.097 3.68137
71720298 -3.4404 1.87212 -1.26308 0 0.095 3.67637
71727232 -3.44749 1.87079 -1.27503 0 0.095 3.67637
71734152 -3.45453 1.86948 -1.28692 0 0.095 3.67637
71740919 -3.46147 1.86818 -1.29864 0 0.092 3.67337
71748850 -3.46927 1.86676 -1.3119 0 0.09 3.67037
71754785 -3.47553 1.86564 -1.32261 0 0.088 3.66837
71765095 -3.48602 1.8638 -1.34064 0 0.086 3.66637
71769183 -3.49009 1.8631 -1.34768 0 0.086 3.66637
71776188 -3.49705 1.8619 -1.3597 0 0.084 3.66437
71782421 -3.50327 1.86085 -1.3705 0 0.082 3.66437
71789285 -3.51018 1.85972 -1.38248 0 0.0800001 3.66237
71797143 -3.51792 1.85847 -1.39598 0 0.0770001 3.66237
71804184 -3.52484 1.85739 -1.40804 0 0.0750001 3.66037
71811264 -3.5318 1.85634 -1.42023 0 0.0740001 3.65937
71817396 -3.53775 1.85545 -1.43067 0 0.0720001 3.65937
71823964 -3.54452 1.85446 -1.44257 0 0.0700001 3.65737
71831878 -3.55216 1.85338 -1.45605 0 0.0690001 3.65737
71838101 -3.55816 1.85254 -1.46662 0 0.0670001 3.65737
71848178 -3.56829 1.85116 -1.4845 0 0.0660001 3.65737
71851565 -3.57184 1.85068 -1.49075 0 0.0650001 3.65737
71858643 -3.5786 1.84979 -1.50267 0 0.0630001 3.65737
71866484 -3.58626 1.84881 -1.51618 0 0.0610001 3.65737
71873355 -3.59229 1.84806 -1.52682 0 0.0610001 3.65737
71879506 -3.59911 1.84722 -1.53885 0 0.0590001 3.65737
71886644 -3.60597 1.8464 -1.55095 0 0.0590001 3.65737
71893362 -3.61276 1.84558 -1.56292 0 0.0570001 3.65737
71900510 -3.61962 1.84479 -1.57502 0 0.0570001 3.65737
71907180 -3.62641 1.844 -1.587 0 0.0540001 3.66137
71914551 -3.63335 1.84325 -1.59913 0 0.0540001 3.66137
71921070 -3.64019 1.8425 -1.61109 0 0.0500001 3.66537
71932534 -3.65061 1.84146 -1.62912 0 0.0430001 3.67437
71936151 -3.65537 1.84106 -1.63719 0 0.0400001 3.67737
71942569 -3.66139 1.84059 -1.64732 0 0.0360001 3.68437
71949579 -3.66863 1.84008 -1.65933 0 0.0360001 3.68437
71956481 -3.67572 1.83959 -1.67108 0 0.0310001 3.69037
71964053 -3.68355 1.83912 -1.6839 0 0.0260001 3.69737
71970352 -3.69029 1.83879 -1.69474 0 0.0230001 3.70237
71977135 -3.69767 1.83847 -1.7065 0 0.0190001 3.71037
71984887 -3.70583 1.83818 -1.71926 0 0.0150001 3.71737
71990668 -3.7127 1.83799 -1.72984 0 0.0130001 3.72137
71998699 -3.72133 1.83779 -1.74302 0 0.00900006 3.72937
72004603 -3.72797 1.83768 -1.75299 0 0.00800006 3.73537
72015145 -3.73977 1.83751 -1.77047 0 0.00400006 3.74437
72018351 -3.74352 1.83749 -1.77591 0 0.00400006 3.74737
72025364 -3.75141 1.83743 -1.78731 0 0.00100006 3.75237
72034046 -3.76053 1.83741 -1.80033 0 -0.000999943 3.76037
72039303 -3.76746 1.83743 -1.81007 0 -0.00499994 3.77537
72046532 -3.77572 1.8375 -1.82131 0 -0.00499994 3.77537
72053561 -3.78398 1.83757 -1.83255 0 -0.00799994 3.78537
72061988 -3.79307 1.83769 -1.84466 0 -0.0109999 3.79537
