60
143633446 -0.402181 3.08884 2.14997 0 1.429 -14.1515
143640261 -0.401984 3.08884 2.13623 0 1.429 -14.1515
143647185 -0.40178 3.08884 2.12203 0 1.429 -14.1515
143654238 -0.401582 3.08884 2.10829 0 1.429 -14.1515
143660976 -0.401383 3.08884 2.09445 0 1.429 -14.1515
143668171 -0.401182 3.08884 2.08044 0 1.429 -14.1515
143674833 -0.400985 3.08884 2.06674 0 1.429 -14.1515
143682054 -0.400783 3.08884 2.05269 0 1.429 -14.1515
143688691 -0.400587 3.08884 2.03902 0 1.429 -14.1515
143696019 -0.400382 3.08884 2.02475 0 1.429 -14.1515
143702641 -0.400186 3.08884 2.01113 0 1.429 -14.1515
143709825 -0.399985 3.08884 1.99713 0 1.429 -14.1515
143716572 -0.399786 3.08884 1.98327 0 1.429 -14.1515
143723624 -0.399588 3.08884 1.96952 0 1.429 -14.1515
143730619 -0.399382 3.08884 1.95519 0 1.429 -14.1515
143737711 -0.399184 3.08884 1.9414 0 1.429 -14.1515
143744374 -0.398987 3.08884 1.92767 0 1.429 -14.1515
143751538 -0.398787 3.08884 1.91375 0 1.429 -14.1515
143758140 -0.398591 3.08884 1.90014 0 1.429 -14.1515
143765428 -0.398388 3.08884 1.88597 0 1.429 -14.1515
143772070 -0.398191 3.08884 1.87229 0 1.429 -14.1515
143780470 -0.397987 3.08884 1.85804 0 1.429 -14.1515
143786143 -0.397787 3.08884 1.84415 0 1.429 -14.1515
143793507 -0.397583 3.08884 1.82999 0 1.429 -14.1515
143799789 -0.397395 3.08884 1.81685 0 1.429 -14.1515
143806729 -0.397199 3.08884 1.80325 0 1.429 -14.1515
143813517 -0.397 3.08884 1.7894 0 1.429 -14.1515
143820744 -0.396796 3.08884 1.77519 0 1.429 -14.1515
143827531 -0.396598 3.08884 1.76137 0 1.429 -14.1515
143834570 -0.396399 3.08884 1.74754 0 1.429 -14.1515
143841132 -0.396207 3.08884 1.73416 0 1.429 -14.1515
143848577 -0.396002 3.08884 1.71994 0 1.429 -14.1515
143855151 -0.395804 3.08884 1.70613 0 1.429 -14.1515
143862209 -0.395604 3.08884 1.69225 0 1.429 -14.1515
143869063 -0.395404 3.08884 1.67831 0 1.429 -14.1515
143876110 -0.395205 3.08884 1.66448 0 1.429 -14.1515
143883146 -0.394999 3.08884 1.65015 0 1.429 -14.1515
143890079 -0.394804 3.08884 1.63653 0 1.429 -14.1515
143896932 -0.394603 3.08884 1.62258 0 1.429 -14.1515
143904036 -0.394403 3.08884 1.60862 0 1.429 -14.1515
143910795 -0.394205 3.08884 1.59485 0 1.429 -14.1515
143917908 -0.394004 3.08884 1.58089 0 1.429 -14.1515
143924643 -0.393807 3.08884 1.56716 0 1.429 -14.1515
143931804 -0.393605 3.08884 1.55309 0 1.429 -14.1515
143938590 -0.393406 3.08884 1.53927 0 1.429 -14.1515
143945786 -0.393204 3.08884 1.52521 0 1.429 -14.1515
143952637 -0.393003 3.08884 1.51119 0 1.429 -14.1515
143959633 -0.392805 3.08884 1.49744 0 1.429 -14.1515
143966288 -0.39261 3.08884 1.48388 0 1.429 -14.1515
143973686 -0.392401 3.08884 1.46933 0 1.429 -14.1515
143980272 -0.392209 3.08884 1.45591 0 1.429 -14.1515
143988056 -0.392005 3.08884 1.44176 0 1.429 -14.1515
143994281 -0.391806 3.08884 1.4279 0 1.429 -14.1515
144001361 -0.391606 3.08884 1.41398 0 1.429 -14.1515
144008139 -0.391408 3.08884 1.40018 0 1.429 -14.1515
144015121 -0.391211 3.08884 1.38647 0 1.429 -14.1515
144021868 -0.391013 3.08884 1.37273 0 1.429 -14.1515
144028950 -0.390814 3.08884 1.35883 0 1.429 -14.1515
144035826 -0.390612 3.08884 1.34482 0 1.429 -14.1515
144042886 -0.390413 3.08884 1.33096 0 1.429 -14.1515
