60
59298061 -8.60654 1.11198 -1.44455 0 -0.103998 -1.48663
59303482 -8.62021 1.11341 -1.4434 0 -0.103998 -1.48663
59311427 -8.63558 1.11502 -1.4421 0 -0.104998 -1.48463
59317417 -8.64767 1.1163 -1.44106 0 -0.104998 -1.48463
59324474 -8.66134 1.11774 -1.43988 0 -0.104998 -1.48463
59331340 -8.67528 1.11922 -1.43867 0 -0.105998 -1.48063
59338445 -8.68886 1.12067 -1.43744 0 -0.105998 -1.48063
59347947 -8.70853 1.12277 -1.43567 0 -0.105998 -1.47363
59351920 -8.71641 1.12361 -1.4349 0 -0.105998 -1.47063
59359009 -8.73011 1.12508 -1.43352 0 -0.105998 -1.47063
59366163 -8.74397 1.12656 -1.43213 0 -0.105998 -1.46963
59372699 -8.7577 1.12803 -1.43073 0 -0.104998 -1.46363
59380290 -8.77175 1.12952 -1.42922 0 -0.103998 -1.45363
59387611 -8.78667 1.13109 -1.42747 0 -0.103998 -1.44363
59394710 -8.80047 1.13254 -1.4257 0 -0.101998 -1.43363
59401776 -8.8141 1.13395 -1.42382 0 -0.100998 -1.42263
59407543 -8.82636 1.1352 -1.42199 0 -0.099998 -1.41263
59415385 -8.84137 1.13673 -1.4196 0 -0.098998 -1.40063
59421406 -8.85367 1.13797 -1.41748 0 -0.097998 -1.39063
59431550 -8.87341 1.13994 -1.41389 0 -0.095998 -1.37163
59436459 -8.88291 1.14087 -1.41197 0 -0.093998 -1.36263
59443329 -8.89621 1.14215 -1.40916 0 -0.091998 -1.35063
59450156 -8.90963 1.14342 -1.40616 0 -0.089998 -1.33563
59456337 -8.92135 1.14451 -1.40335 0 -0.089998 -1.32363
59464357 -8.93597 1.14587 -1.39966 0 -0.085998 -1.30563
59470398 -8.94822 1.14697 -1.39633 0 -0.085998 -1.30563
59477285 -8.96138 1.14814 -1.39276 0 -0.082998 -1.28963
59484496 -8.9747 1.1493 -1.38891 0 -0.082998 -1.28963
59490986 -8.98794 1.15044 -1.38509 0 -0.079998 -1.27263
59498363 -9.0013 1.15156 -1.38098 0 -0.073998 -1.23563
59504859 -9.01433 1.15258 -1.37645 0 -0.070998 -1.22163
59515285 -9.03356 1.15404 -1.36944 0 -0.066998 -1.19063
59519691 -9.04185 1.15464 -1.36613 0 -0.064998 -1.17963
59526083 -9.05313 1.15543 -1.36148 0 -0.064998 -1.17963
59532501 -9.06584 1.15633 -1.35624 0 -0.061998 -1.16463
59539551 -9.07859 1.15719 -1.35075 0 -0.057998 -1.14363
59546618 -9.09129 1.158 -1.34497 0 -0.057998 -1.14363
59553750 -9.10396 1.15881 -1.33921 0 -0.057998 -1.14363
59561405 -9.11767 1.15968 -1.33296 0 -0.051998 -1.11963
59568073 -9.12906 1.16034 -1.32745 0 -0.051998 -1.11963
59575470 -9.14151 1.16106 -1.32142 0 -0.050998 -1.11363
59581712 -9.15412 1.16178 -1.31521 0 -0.050998 -1.11363
59588881 -9.16655 1.16249 -1.3091 0 -0.050998 -1.11363
59598409 -9.18484 1.16353 -1.3001 0 -0.046998 -1.08263
59603466 -9.19249 1.16393 -1.29604 0 -0.044998 -1.07063
59609400 -9.20348 1.1645 -1.29003 0 -0.042998 -1.05363
59617571 -9.21675 1.16515 -1.28248 0 -0.038998 -1.03363
59622869 -9.22737 1.16564 -1.27616 0 -0.035998 -1.02363
59629935 -9.23929 1.16614 -1.2689 0 -0.034998 -1.01063
59636731 -9.25105 1.16663 -1.26152 0 -0.031998 -0.998632
59645116 -9.26416 1.16712 -1.25308 0 -0.030998 -0.986632
59651855 -9.27544 1.16754 -1.24562 0 -0.025998 -0.964632
59657421 -9.28558 1.16786 -1.23859 0 -0.024998 -0.954632
59665480 -9.29855 1.16826 -1.22941 0 -0.021998 -0.940632
59671484 -9.30825 1.16853 -1.22233 0 -0.019998 -0.928632
59681711 -9.32466 1.16894 -1.21006 0 -0.017998 -0.909632
59686718 -9.33152 1.16909 -1.20472 0 -0.016998 -0.900632
59693516 -9.3422 1.16932 -1.19626 0 -0.014998 -0.887632
59699741 -9.35208 1.16952 -1.18822 0 -0.014998 -0.887632
59707315 -9.36291 1.16972 -1.1794 0 -0.013998 -0.885632
