60
207654286 4.52401 0.953503 0.462807 0 0.124007 -13.9785
207660693 4.51072 0.951825 0.464934 0 0.124007 -13.9795
207666713 4.49714 0.950112 0.467093 0 0.124007 -13.9805
207674365 4.48339 0.948376 0.469265 0 0.123007 -13.9805
207680569 4.46997 0.946697 0.471384 0 0.122007 -13.9805
207688806 4.45625 0.944994 0.473552 0 0.121007 -13.9815
207696318 4.43965 0.942951 0.476157 0 0.120007 -13.9815
207701521 4.42888 0.941636 0.477848 0 0.119007 -13.9815
207708661 4.41532 0.939995 0.479975 0 0.119007 -13.9815
207715669 4.40183 0.938363 0.482092 0 0.118007 -13.9815
207722369 4.38827 0.936734 0.484221 0 0.118007 -13.9815
207729876 4.37388 0.935008 0.486478 0 0.117007 -13.9815
207736153 4.36093 0.933467 0.488511 0 0.116007 -13.9815
207743311 4.34731 0.93186 0.490649 0 0.116007 -13.9815
207750032 4.3337 0.930254 0.492786 0 0.116007 -13.9815
207757391 4.32023 0.928666 0.494898 0 0.115007 -13.9815
207763832 4.30661 0.927073 0.497037 0 0.114007 -13.9815
207771133 4.2927 0.925461 0.49922 0 0.114007 -13.9815
207778250 4.27831 0.923793 0.501478 0 0.114007 -13.9815
207785423 4.26542 0.922299 0.503501 0 0.113007 -13.9815
207791915 4.25189 0.920746 0.505623 0 0.112007 -13.9815
207798727 4.2383 0.919198 0.507757 0 0.112007 -13.9815
207805834 4.2246 0.917637 0.509908 0 0.111007 -13.9815
207812748 4.21102 0.916106 0.512038 0 0.111007 -13.9815
207819659 4.19738 0.914566 0.514179 0 0.111007 -13.9815
207826963 4.18363 0.913016 0.516337 0 0.110007 -13.9805
207834383 4.16997 0.911488 0.518495 0 0.110007 -13.9785
207841647 4.15664 0.909996 0.520628 0 0.109007 -13.9785
207847456 4.14268 0.90845 0.522861 0 0.109007 -13.9775
207855748 4.1292 0.906956 0.525032 0 0.109007 -13.9765
207861959 4.11418 0.90529 0.527467 0 0.109007 -13.9765
207868416 4.10174 0.90391 0.529483 0 0.109007 -13.9755
207876595 4.08841 0.902433 0.531656 0 0.108007 -13.9745
207882207 4.07442 0.900896 0.533952 0 0.108007 -13.9735
207889223 4.06116 0.899438 0.536143 0 0.107007 -13.9725
207896094 4.04755 0.897956 0.538405 0 0.107007 -13.9725
207903206 4.03386 0.896465 0.54068 0 0.107007 -13.9715
207909849 4.02039 0.894999 0.542931 0 0.107007 -13.9705
207916886 4.00658 0.893494 0.545255 0 0.107007 -13.9705
207923936 3.99305 0.89202 0.547532 0 0.107007 -13.9705
207930710 3.97934 0.890527 0.549839 0 0.107007 -13.9695
207938368 3.96557 0.889026 0.552169 0 0.106007 -13.9695
207944908 3.95205 0.887568 0.554457 0 0.106007 -13.9685
207951611 3.93842 0.886097 0.556778 0 0.106007 -13.9685
207958437 3.92503 0.884651 0.559059 0 0.106007 -13.9685
207965403 3.9113 0.883169 0.561397 0 0.105007 -13.9675
207972547 3.89766 0.881711 0.563733 0 0.105007 -13.9675
207979981 3.88419 0.88027 0.566041 0 0.105007 -13.9665
207986141 3.87042 0.878798 0.568414 0 0.105007 -13.9655
207993162 3.85688 0.877349 0.570763 0 0.105007 -13.9655
208000443 3.84324 0.875891 0.573126 0 0.105007 -13.9645
208007134 3.82966 0.874437 0.575496 0 0.105007 -13.9645
208014076 3.81603 0.87298 0.577872 0 0.105007 -13.9645
208020976 3.80236 0.871517 0.580256 0 0.105007 -13.9645
208028104 3.78855 0.87004 0.582665 0 0.105007 -13.9645
208035086 3.77484 0.868573 0.585056 0 0.105007 -13.9645
208042903 3.76157 0.867153 0.587372 0 0.105007 -13.9645
208048719 3.74781 0.865681 0.589771 0 0.105007 -13.9645
208056198 3.73437 0.864243 0.592116 0 0.105007 -13.9645
208062454 3.7209 0.862802 0.594465 0 0.105007 -13.9645
