60
346276139 -1.75023 10.7378 0.219062 0 -99.4363 -4.8204
346282680 -1.74394 10.7255 0.219745 0 -99.4583 -4.8144
346290485 -1.73727 10.7132 0.220428 0 -99.4583 -4.8144
346297508 -1.73075 10.7011 0.221095 0 -99.4583 -4.8144
346303461 -1.72423 10.6891 0.221762 0 -99.4613 -4.7874
346311387 -1.71755 10.6769 0.222264 0 -99.4613 -4.7874
346317609 -1.71072 10.6644 0.222778 0 -99.4533 -4.7314
346326029 -1.70424 10.6523 0.222901 0 -99.4493 -4.7194
346331497 -1.69766 10.6399 0.222947 0 -99.4333 -4.6664
346339385 -1.6915 10.6279 0.222663 0 -99.4103 -4.6024
346346301 -1.68546 10.6153 0.221997 0 -99.4103 -4.6024
346353158 -1.67945 10.6028 0.221332 0 -99.3863 -4.5614
346360527 -1.67378 10.5902 0.22047 0 -99.3633 -4.5344
346366003 -1.66837 10.5773 0.219496 0 -99.3503 -4.5264
346373172 -1.66323 10.5646 0.218531 0 -99.3303 -4.5194
346379910 -1.65826 10.5515 0.217558 0 -99.3153 -4.5174
346386791 -1.65357 10.5386 0.216631 0 -99.2973 -4.5224
346394151 -1.64894 10.5252 0.215741 0 -99.2743 -4.5414
346400742 -1.64476 10.5121 0.215019 0 -99.2593 -4.5674
346407719 -1.64074 10.4989 0.214432 0 -99.2433 -4.6024
346415481 -1.63684 10.4855 0.214002 0 -99.2433 -4.6024
346421536 -1.63307 10.4724 0.213586 0 -99.2303 -4.6474
346429591 -1.62931 10.4588 0.213341 0 -99.2303 -4.6474
346435546 -1.62566 10.4456 0.213103 0 -99.2243 -4.6934
346442431 -1.62203 10.4322 0.213035 0 -99.2233 -4.7374
346449836 -1.61845 10.4189 0.213124 0 -99.2283 -4.8294
346456202 -1.61479 10.4055 0.213555 0 -99.2403 -4.8634
346463279 -1.611 10.3922 0.214131 0 -99.2593 -4.8964
346470129 -1.60691 10.3787 0.214892 0 -99.2843 -4.9224
346477749 -1.60246 10.3651 0.215841 0 -99.3113 -4.9414
346483961 -1.59794 10.3525 0.216895 0 -99.3433 -4.9524
346491273 -1.59291 10.3396 0.218125 0 -99.3833 -4.9624
346497987 -1.58738 10.327 0.219537 0 -99.4213 -4.9704
346504828 -1.58145 10.3146 0.221102 0 -99.4583 -4.9704
346511963 -1.57499 10.3023 0.222807 0 -99.4833 -4.9634
346518985 -1.56824 10.2902 0.224538 0 -99.4993 -4.9494
346525793 -1.56123 10.2782 0.226231 0 -99.5103 -4.9214
346532761 -1.55409 10.2663 0.227746 0 -99.5163 -4.8814
346541154 -1.54684 10.2544 0.228983 0 -99.5163 -4.8724
346548244 -1.53972 10.2429 0.230132 0 -99.5163 -4.7904
346554259 -1.53225 10.2308 0.230716 0 -99.5053 -4.7154
346560891 -1.5251 10.219 0.230737 0 -99.4843 -4.6324
346568099 -1.51823 10.2071 0.230187 0 -99.4843 -4.6324
346576024 -1.51138 10.1952 0.229638 0 -99.4803 -4.6234
346581325 -1.50442 10.183 0.229017 0 -99.4643 -4.5934
346588179 -1.49787 10.171 0.228233 0 -99.4423 -4.5634
346595056 -1.49155 10.1588 0.227284 0 -99.4253 -4.5504
346602387 -1.48532 10.1462 0.226266 0 -99.4073 -4.5444
346609130 -1.47934 10.1336 0.225253 0 -99.3893 -4.5464
346616192 -1.47368 10.1211 0.224304 0 -99.3673 -4.5594
346622894 -1.46831 10.1085 0.223476 0 -99.3483 -4.5774
346629838 -1.46308 10.0955 0.222765 0 -99.3253 -4.6194
346636757 -1.45816 10.0826 0.222307 0 -99.3103 -4.6564
346643786 -1.45333 10.0694 0.222036 0 -99.2933 -4.7044
346650719 -1.44883 10.0564 0.222 0 -99.2813 -4.7604
346657606 -1.4445 10.0433 0.222209 0 -99.2713 -4.8194
346664707 -1.44023 10.03 0.222667 0 -99.2673 -4.8744
346671388 -1.43612 10.0169 0.223338 0 -99.2653 -4.9234
346678432 -1.43202 10.0036 0.224217 0 -99.2653 -4.9734
346685588 -1.42792 9.99009 0.225311 0 -99.2723 -5.0114
