60
421442717 4.1868 2.25156 0.644143 0 -100.045 -5.86439
421448757 4.19908 2.25156 0.638676 0 -100.045 -5.86439
421455067 4.21182 2.25156 0.633007 0 -100.045 -5.87039
421463008 4.22478 2.25156 0.627329 0 -100.045 -5.87039
421468834 4.23731 2.25156 0.621845 0 -100.044 -5.87439
421476747 4.2502 2.25156 0.616257 0 -100.044 -5.87439
421483028 4.2629 2.25156 0.610757 0 -100.044 -5.87739
421489740 4.27566 2.25156 0.605275 0 -100.044 -5.88239
421496938 4.28844 2.25156 0.599859 0 -100.044 -5.88639
421504086 4.30116 2.25156 0.594529 0 -100.044 -5.88939
421510892 4.31408 2.25156 0.589163 0 -100.045 -5.89539
421517590 4.32693 2.25156 0.583912 0 -100.045 -5.89739
421524821 4.33983 2.25156 0.578674 0 -100.045 -5.89939
421531390 4.35269 2.25156 0.573479 0 -100.045 -5.90139
421538270 4.36547 2.25156 0.56835 0 -100.045 -5.90339
421545960 4.37862 2.25156 0.563098 0 -100.046 -5.90539
421553110 4.39129 2.25156 0.558072 0 -100.046 -5.90539
421559529 4.40458 2.25156 0.552799 0 -100.046 -5.90739
421566343 4.41736 2.25156 0.547755 0 -100.046 -5.90939
421574766 4.43018 2.25156 0.542729 0 -100.046 -5.91339
421580854 4.44344 2.25156 0.537587 0 -100.046 -5.91539
421587471 4.45636 2.25156 0.532608 0 -100.047 -5.91839
421595622 4.46922 2.25156 0.527699 0 -100.047 -5.91939
421601046 4.48223 2.25156 0.522742 0 -100.047 -5.92239
421607880 4.49508 2.25156 0.517897 0 -100.047 -5.92539
421614726 4.50805 2.25156 0.513044 0 -100.047 -5.93039
421621855 4.521 2.25156 0.508278 0 -100.047 -5.93539
421628631 4.53416 2.25156 0.503506 0 -100.047 -5.93939
421635548 4.54708 2.25156 0.49888 0 -100.047 -5.94339
421642543 4.56038 2.25156 0.494181 0 -100.047 -5.94839
421649391 4.57321 2.25156 0.489716 0 -100.047 -5.95239
421656441 4.5866 2.25156 0.485118 0 -100.047 -5.95639
421663346 4.59972 2.25156 0.480671 0 -100.047 -5.95939
421670280 4.6127 2.25156 0.476315 0 -100.047 -5.96339
421677925 4.62591 2.25156 0.47194 0 -100.047 -5.96339
421684350 4.63925 2.25156 0.467522 0 -100.047 -5.96839
421692745 4.65244 2.25156 0.463228 0 -100.047 -5.96939
421698122 4.6656 2.25156 0.458956 0 -100.047 -5.97339
421705770 4.67876 2.25156 0.454742 0 -100.047 -5.97339
421712082 4.69214 2.25156 0.450461 0 -100.047 -5.97939
421719614 4.70526 2.25156 0.446347 0 -100.047 -5.97939
421725856 4.71857 2.25156 0.442174 0 -100.047 -5.98539
421732993 4.73178 2.25156 0.43812 0 -100.048 -5.99139
421739754 4.74519 2.25156 0.434092 0 -100.049 -5.99639
421748297 4.75829 2.25156 0.430229 0 -100.049 -5.99739
421753712 4.77168 2.25156 0.426294 0 -100.049 -6.00439
421760928 4.78554 2.25156 0.422328 0 -100.05 -6.01139
421768559 4.79874 2.25156 0.418647 0 -100.051 -6.01839
421774417 4.81194 2.25156 0.415069 0 -100.052 -6.02539
421782975 4.82544 2.25156 0.41151 0 -100.052 -6.03339
421789288 4.83895 2.25156 0.408063 0 -100.053 -6.04039
421795413 4.85249 2.25156 0.40471 0 -100.054 -6.04739
421802387 4.86581 2.25156 0.401508 0 -100.054 -6.05539
421811053 4.87953 2.25156 0.398329 0 -100.054 -6.05639
421816647 4.89286 2.25156 0.395251 0 -100.054 -6.06339
421823252 4.90659 2.25156 0.392184 0 -100.054 -6.07139
421830137 4.92011 2.25156 0.389278 0 -100.054 -6.08039
421837054 4.93352 2.25156 0.38652 0 -100.054 -6.08939
421844041 4.94724 2.25156 0.383827 0 -100.055 -6.10139
421851463 4.96087 2.25156 0.381322 0 -100.055 -6.10139
