60
99937033 9.12659 3.95957 0.424852 0 -0.105001 10.2093
99941438 9.12659 3.97242 0.424852 0 -0.105001 10.2093
99948471 9.12659 3.9862 0.424852 0 -0.104001 10.2103
99955507 9.12659 4.00008 0.424852 0 -0.103001 10.2113
99962391 9.12659 4.01398 0.424852 0 -0.103001 10.2123
99969718 9.12659 4.02783 0.424852 0 -0.103001 10.2123
99977221 9.12659 4.04306 0.424852 0 -0.102001 10.2133
99984068 9.12659 4.05689 0.424852 0 -0.101001 10.2143
99990032 9.12659 4.0694 0.424852 0 -0.100001 10.2143
99997369 9.12659 4.08336 0.424852 0 -0.100001 10.2143
100004073 9.12659 4.09718 0.424852 0 -0.0990008 10.2143
100014095 9.12659 4.11722 0.424852 0 -0.0980008 10.2153
100018108 9.12659 4.12524 0.424852 0 -0.0970008 10.2153
100025008 9.12659 4.13901 0.424852 0 -0.0970008 10.2153
100031987 9.12659 4.15298 0.424852 0 -0.0960008 10.2153
100038913 9.12659 4.16684 0.424852 0 -0.0950008 10.2163
100046354 9.12659 4.18181 0.424852 0 -0.0940008 10.2163
100052535 9.12659 4.19463 0.424852 0 -0.0930008 10.2163
100061133 9.12659 4.20981 0.424852 0 -0.0920008 10.2163
100068153 9.12659 4.20981 0.424852 0 -0.0920008 10.2163
100073285 9.12659 4.20981 0.424852 0 -0.0920008 10.2163
100080524 9.12659 4.20981 0.424852 0 -0.0920008 10.2163
100087368 9.12659 4.20981 0.424852 0 -0.0910008 10.2163
100097869 9.12659 4.20981 0.424852 0 -0.0900008 10.2163
100101317 9.12659 4.20981 0.424852 0 -0.0890008 10.2163
100108212 9.12659 4.20981 0.424852 0 -0.0890008 10.2173
100115674 9.12659 4.20981 0.424852 0 -0.0880008 10.2173
100122115 9.12659 4.20981 0.424852 0 -0.0870008 10.2173
100132419 9.12659 4.20981 0.424852 0 -0.0850008 10.2173
100135862 9.12659 4.20981 0.424852 0 -0.0830008 10.2173
100144066 9.12659 4.20981 0.424852 0 -0.0810008 10.2173
100151125 9.12659 4.20981 0.424852 0 -0.0790008 10.2173
100157448 9.12659 4.20981 0.424852 0 -0.0770008 10.2173
100164626 9.12659 4.20981 0.424852 0 -0.0760008 10.2173
100170850 9.12659 4.20981 0.424852 0 -0.0740008 10.2173
100181017 9.12659 4.20981 0.424852 0 -0.0710008 10.2173
100185966 9.12659 4.20981 0.424852 0 -0.0690008 10.2173
100192001 9.12659 4.20981 0.424852 0 -0.0690008 10.2173
100198936 9.12659 4.20981 0.424852 0 -0.0660008 10.2163
100205386 9.12659 4.20981 0.424852 0 -0.0640008 10.2163
100215731 9.12659 4.20981 0.424852 0 -0.0610008 10.2163
100220320 9.12659 4.20981 0.424852 0 -0.0600008 10.2163
100226622 9.12659 4.20981 0.424852 0 -0.0600008 10.2163
100233518 9.12659 4.20981 0.424852 0 -0.0590008 10.2163
100240144 9.12659 4.20981 0.424852 0 -0.0580009 10.2163
100247125 9.12659 4.20981 0.424852 0 -0.0560009 10.2163
100254198 9.12659 4.20981 0.424852 0 -0.0550009 10.2163
100264409 9.12659 4.20981 0.424852 0 -0.0540009 10.2163
100267773 9.12659 4.20981 0.424852 0 -0.0530009 10.2163
100275601 9.12659 4.20981 0.424852 0 -0.0510009 10.2163
100282319 9.12659 4.20981 0.424852 0 -0.0510009 10.2163
100288978 9.12659 4.20981 0.424852 0 -0.0500009 10.2173
100296078 9.12659 4.20981 0.424852 0 -0.0500009 10.2173
100303033 9.12659 4.20981 0.424852 0 -0.0480009 10.2183
100310537 9.12659 4.20981 0.424852 0 -0.0450009 10.2203
100317151 9.12659 4.20981 0.424852 0 -0.0450009 10.2213
100323594 9.12659 4.20981 0.424852 0 -0.0430009 10.2213
100330744 9.12659 4.20981 0.424852 0 -0.0430009 10.2213
100337580 9.12659 4.20981 0.424852 0 -0.0420009 10.2213
100348177 9.12659 4.20981 0.424852 0 -0.0400009 10.2233
