60
294832522 6.78551 1.30151 -0.286125 0 -100.592 -4.79939
294839972 6.79926 1.30236 -0.284926 0 -100.593 -4.79639
294846035 6.81305 1.30322 -0.283764 0 -100.595 -4.79339
294853579 6.82694 1.30412 -0.282637 0 -100.596 -4.79039
294860612 6.84085 1.30504 -0.28155 0 -100.596 -4.79039
294867160 6.85487 1.30596 -0.280454 0 -100.597 -4.78739
294873771 6.86838 1.30686 -0.279439 0 -100.599 -4.78539
294880771 6.88225 1.30781 -0.278424 0 -100.599 -4.78239
294889172 6.8961 1.30876 -0.277453 0 -100.602 -4.78039
294894794 6.91005 1.30976 -0.276503 0 -100.602 -4.77839
294903908 6.92374 1.31074 -0.275598 0 -100.604 -4.77639
294908352 6.93754 1.31175 -0.274714 0 -100.606 -4.77439
294915817 6.95144 1.31281 -0.27385 0 -100.606 -4.77239
294922568 6.96542 1.31386 -0.273011 0 -100.607 -4.77139
294929579 6.97916 1.31492 -0.272199 0 -100.607 -4.77039
294937325 6.99279 1.31596 -0.271407 0 -100.607 -4.77039
294943037 7.00659 1.31702 -0.270606 0 -100.607 -4.77039
294950233 7.02037 1.31807 -0.269806 0 -100.607 -4.76939
294957052 7.03405 1.31912 -0.269025 0 -100.608 -4.76839
294964348 7.0482 1.32022 -0.268232 0 -100.608 -4.7674
294971997 7.06184 1.32128 -0.267481 0 -100.608 -4.7674
294977827 7.07585 1.32237 -0.26671 0 -100.608 -4.7674
294985064 7.08946 1.32342 -0.26596 0 -100.609 -4.7664
294991988 7.10337 1.32452 -0.265208 0 -100.61 -4.7644
294999036 7.11726 1.32562 -0.264485 0 -100.61 -4.7634
295005717 7.13102 1.32672 -0.263783 0 -100.61 -4.7634
295013820 7.14476 1.32781 -0.263081 0 -100.61 -4.7614
295019478 7.15879 1.32893 -0.262393 0 -100.61 -4.7594
295026637 7.17272 1.33004 -0.261738 0 -100.61 -4.7584
295033747 7.18641 1.33113 -0.261108 0 -100.611 -4.7574
295040370 7.20002 1.33222 -0.260495 0 -100.611 -4.7574
295047661 7.21395 1.33335 -0.259867 0 -100.611 -4.7554
295054638 7.22773 1.33446 -0.259275 0 -100.612 -4.7554
295061368 7.24182 1.33561 -0.258668 0 -100.612 -4.7534
295068573 7.25568 1.33674 -0.258099 0 -100.612 -4.7534
295075471 7.26953 1.33787 -0.257531 0 -100.613 -4.7514
295082531 7.28355 1.33903 -0.256984 0 -100.613 -4.7494
295091155 7.29713 1.34015 -0.256481 0 -100.614 -4.7474
295096093 7.31096 1.3413 -0.255997 0 -100.614 -4.7464
295103184 7.3251 1.34249 -0.255516 0 -100.615 -4.7444
295110828 7.33835 1.34361 -0.255091 0 -100.615 -4.7424
295117234 7.35265 1.34482 -0.254662 0 -100.615 -4.7414
295123722 7.36608 1.34595 -0.254273 0 -100.616 -4.7394
295130848 7.38005 1.34715 -0.253895 0 -100.616 -4.7374
295137698 7.39385 1.34833 -0.25355 0 -100.616 -4.7354
295144559 7.40766 1.34951 -0.253232 0 -100.617 -4.7334
295151836 7.42159 1.35072 -0.252939 0 -100.617 -4.7314
295158584 7.43542 1.35191 -0.252677 0 -100.618 -4.7274
295165586 7.44929 1.35313 -0.252468 0 -100.619 -4.7254
295172610 7.46298 1.35434 -0.25229 0 -100.619 -4.7224
295179353 7.47678 1.35556 -0.252152 0 -100.619 -4.7184
295186431 7.49058 1.35679 -0.252069 0 -100.62 -4.7144
295193331 7.50441 1.35802 -0.252041 0 -100.621 -4.7124
295200216 7.51842 1.35929 -0.252041 0 -100.621 -4.7094
295207703 7.53211 1.36053 -0.252082 0 -100.621 -4.7094
295214070 7.54593 1.36179 -0.252124 0 -100.621 -4.7044
295221046 7.55985 1.36305 -0.252235 0 -100.622 -4.6984
295228711 7.57372 1.36432 -0.252429 0 -100.622 -4.6984
295234962 7.58743 1.36557 -0.252621 0 -100.622 -4.6924
295242397 7.60138 1.36685 -0.2529 0 -100.622 -4.6924
