60
43413200 -2.39469 4.28292 0.467471 0 0.819 2.52836
43417314 -2.38716 4.26893 0.456776 0 0.816 2.52036
43421743 -2.3837 4.26259 0.451929 0 0.815 2.51436
43432360 -2.37516 4.24716 0.440158 0 0.81 2.49736
43435696 -2.37242 4.24237 0.436505 0 0.808 2.49336
43442836 -2.36664 4.23236 0.428881 0 0.808 2.49336
43450029 -2.3608 4.22224 0.421168 0 0.808 2.49336
43456476 -2.35504 4.21225 0.41356 0 0.806 2.48836
43463948 -2.34919 4.20222 0.405918 0 0.806 2.48836
43470765 -2.34332 4.19215 0.398244 0 0.806 2.48836
43477598 -2.33746 4.18211 0.390593 0 0.804 2.48336
43485552 -2.33095 4.17107 0.382175 0 0.803 2.47836
43491450 -2.32565 4.16214 0.375381 0 0.802 2.47536
43498836 -2.31916 4.15129 0.36713 0 0.801 2.47036
43505179 -2.31368 4.1422 0.360229 0 0.8 2.46736
43515687 -2.30449 4.12704 0.348729 0 0.798 2.46236
43520092 -2.30096 4.12127 0.344354 0 0.798 2.45836
43526402 -2.29549 4.11239 0.337635 0 0.795 2.45336
43532882 -2.28925 4.10237 0.330047 0 0.794 2.44836
43539796 -2.28305 4.09251 0.322595 0 0.793 2.44236
43547660 -2.27629 4.08185 0.314553 0 0.79 2.43536
43554213 -2.27046 4.07277 0.307712 0 0.788 2.43136
43560577 -2.26408 4.06295 0.300302 0 0.786 2.42436
43568363 -2.25692 4.05204 0.292089 0 0.785 2.41936
43574784 -2.25114 4.0433 0.285528 0 0.785 2.41636
43582640 -2.24387 4.03234 0.277322 0 0.783 2.41236
43588558 -2.23815 4.0238 0.27092 0 0.783 2.41236
43598908 -2.22817 4.0089 0.25976 0 0.783 2.40836
43603537 -2.22427 4.0031 0.255427 0 0.781 2.40436
43609505 -2.21838 3.99441 0.248936 0 0.781 2.40436
43617439 -2.21099 3.98352 0.240801 0 0.78 2.39836
43624401 -2.20505 3.97483 0.234338 0 0.78 2.39736
43630351 -2.19831 3.96498 0.227012 0 0.78 2.39736
43638704 -2.19084 3.95407 0.218901 0 0.778 2.38936
43643930 -2.18484 3.94542 0.212488 0 0.776 2.38236
43651468 -2.17802 3.93571 0.20531 0 0.776 2.38036
43657822 -2.17117 3.92596 0.198117 0 0.775 2.37536
43665065 -2.1644 3.9164 0.191087 0 0.775 2.37536
43671817 -2.1575 3.90666 0.183918 0 0.773 2.36936
43682685 -2.14694 3.89188 0.173066 0 0.769 2.35736
43685516 -2.14354 3.88723 0.169662 0 0.768 2.35536
43693780 -2.13572 3.87655 0.161852 0 0.767 2.34836
43700693 -2.12854 3.86685 0.154788 0 0.765 2.34336
43707601 -2.12218 3.85832 0.148587 0 0.765 2.34236
43713626 -2.115 3.8487 0.141606 0 0.765 2.34236
43720631 -2.10779 3.83905 0.134595 0 0.765 2.34236
43728492 -2.09994 3.82854 0.126958 0 0.764 2.33836
43734753 -2.09328 3.81966 0.120527 0 0.762001 2.33436
43741280 -2.08614 3.81023 0.113695 0 0.761001 2.32636
43749254 -2.07807 3.79968 0.106097 0 0.758 2.31836
43755927 -2.07144 3.79112 0.0999472 0 0.758 2.31836
43765398 -2.06044 3.77691 0.089745 0 0.754 2.30336
43770080 -2.05586 3.77113 0.0856245 0 0.752001 2.29936
43777007 -2.04822 3.76156 0.0788112 0 0.747001 2.28436
43783945 -2.04034 3.7519 0.0719897 0 0.744 2.27436
43789693 -2.03362 3.74379 0.0662873 0 0.744 2.26736
43797036 -2.02562 3.7342 0.0596001 0 0.744 2.25836
43804700 -2.01689 3.72379 0.0524239 0 0.741 2.24736
43811619 -2.00899 3.71452 0.0460814 0 0.739 2.24036
43817787 -2.00182 3.70619 0.0404095 0 0.738001 2.23236
