60
349233928 1.72931 7.84785 -0.829534 0 -99.5733 -4.5584
349241034 1.72712 7.84785 -0.843612 0 -99.5733 -4.5584
349247914 1.72502 7.84785 -0.85714 0 -99.5743 -4.5584
349255235 1.72284 7.84785 -0.871176 0 -99.5743 -4.5584
349263663 1.72075 7.84785 -0.884672 0 -99.5743 -4.5584
349268697 1.7186 7.84785 -0.898534 0 -99.5743 -4.5584
349276709 1.7165 7.84785 -0.912023 0 -99.5743 -4.5584
349282535 1.71435 7.84785 -0.925889 0 -99.5743 -4.5584
349289672 1.71227 7.84785 -0.93927 0 -99.5743 -4.5584
349296286 1.71013 7.84785 -0.953065 0 -99.5743 -4.5584
349303314 1.70801 7.84785 -0.966732 0 -99.5743 -4.5584
349310334 1.70582 7.84785 -0.980827 0 -99.5743 -4.5584
349317240 1.70374 7.84785 -0.994262 0 -99.5743 -4.5584
349324037 1.70162 7.84785 -1.00791 0 -99.5743 -4.5584
349331191 1.69946 7.84785 -1.02184 0 -99.5743 -4.5584
349337931 1.69736 7.84785 -1.03537 0 -99.5743 -4.5584
349345031 1.69521 7.84785 -1.04919 0 -99.5743 -4.5584
349351858 1.69308 7.84785 -1.06289 0 -99.5743 -4.5584
349358931 1.69095 7.84785 -1.07664 0 -99.5743 -4.5584
349365765 1.68882 7.84785 -1.09038 0 -99.5743 -4.5584
349372742 1.68671 7.84785 -1.10396 0 -99.5743 -4.5584
349379663 1.68455 7.84785 -1.11784 0 -99.5743 -4.5584
349386821 1.68243 7.84785 -1.13153 0 -99.5743 -4.5584
349393713 1.68024 7.84785 -1.14561 0 -99.5743 -4.5584
349400635 1.67816 7.84785 -1.15907 0 -99.5743 -4.5584
349407365 1.67606 7.84785 -1.17259 0 -99.5743 -4.5584
349414511 1.6739 7.84785 -1.18648 0 -99.5743 -4.5584
349421262 1.67179 7.84785 -1.20006 0 -99.5743 -4.5584
349428419 1.66964 7.84785 -1.21395 0 -99.5743 -4.5584
349435216 1.66751 7.84785 -1.22764 0 -99.5743 -4.5584
349442456 1.66533 7.84785 -1.2417 0 -99.5743 -4.5584
349450605 1.66323 7.84785 -1.25525 0 -99.5753 -4.5604
349456288 1.66117 7.84785 -1.26869 0 -99.5763 -4.5674
349465284 1.65911 7.84785 -1.2828 0 -99.5813 -4.5874
349471323 1.66517 7.83696 -1.29705 0 -99.5843 -4.6084
349477684 1.67209 7.8252 -1.31235 0 -99.5893 -4.6364
349484893 1.67887 7.81447 -1.32618 0 -99.5903 -4.6424
349490876 1.68607 7.80323 -1.34063 0 -99.5943 -4.6994
349497977 1.69432 7.79177 -1.35496 0 -99.5963 -4.7794
349504907 1.70335 7.78076 -1.36808 0 -99.5963 -4.8624
349511857 1.71364 7.76952 -1.38065 0 -99.5943 -4.9564
349518663 1.7249 7.75841 -1.39205 0 -99.5943 -5.0594
349527073 1.73739 7.7472 -1.40234 0 -99.5913 -5.0794
349532646 1.75018 7.73585 -1.41248 0 -99.5833 -5.1854
349539949 1.75731 7.7247 -1.40883 0 -99.5833 -5.1854
349547020 1.76451 7.71345 -1.40515 0 -99.5833 -5.1854
349553399 1.77173 7.70216 -1.40145 0 -99.5773 -5.3144
349561239 1.77864 7.69035 -1.39671 0 -99.5663 -5.4884
349567427 1.7841 7.67932 -1.39135 0 -99.5633 -5.6254
349574263 1.78888 7.66796 -1.38516 0 -99.5583 -5.7754
349581241 1.7927 7.65644 -1.3783 0 -99.5583 -5.9194
349588221 1.79544 7.64512 -1.37109 0 -99.5583 -6.0564
349596119 1.79721 7.63359 -1.36344 0 -99.5553 -6.1964
349602058 1.79789 7.622 -1.35562 0 -99.5583 -6.2954
349609021 1.79779 7.61051 -1.34779 0 -99.5603 -6.4004
349616092 1.79688 7.59907 -1.34001 0 -99.5613 -6.4894
349623019 1.79527 7.58765 -1.33235 0 -99.5663 -6.5544
349629857 1.79314 7.57617 -1.32468 0 -99.5683 -6.6024
349637002 1.79065 7.56475 -1.31713 0 -99.5713 -6.6374
349644846 1.78783 7.55316 -1.30952 0 -99.5713 -6.6404
