60
390098663 -1.75267 0.313611 1.44509 0 -100.49 -7.8974
390101284 -1.7521 0.313611 1.4319 0 -100.49 -7.8974
390110053 -1.75136 0.313611 1.41497 0 -100.49 -7.8974
390115313 -1.75088 0.313611 1.40387 0 -100.49 -7.8974
390122410 -1.75028 0.313611 1.39007 0 -100.49 -7.8974
390129205 -1.74968 0.313611 1.37612 0 -100.49 -7.8974
390136373 -1.74908 0.313611 1.36236 0 -100.49 -7.8974
390143321 -1.74845 0.313611 1.34792 0 -100.49 -7.8974
390150279 -1.74786 0.313611 1.3344 0 -100.49 -7.8974
390157068 -1.74726 0.313611 1.32045 0 -100.49 -7.8974
390163845 -1.74668 0.313611 1.30711 0 -100.49 -7.8974
390170560 -1.74609 0.313611 1.29347 0 -100.49 -7.8974
390177765 -1.74547 0.313611 1.27932 0 -100.49 -7.8974
390184526 -1.74487 0.313611 1.26557 0 -100.49 -7.8974
390191791 -1.74427 0.313611 1.25166 0 -100.49 -7.8974
390198425 -1.74367 0.313611 1.2378 0 -100.49 -7.8974
390205470 -1.74306 0.313611 1.22395 0 -100.49 -7.8974
390212321 -1.74246 0.313611 1.21003 0 -100.49 -7.8974
390219517 -1.74185 0.313611 1.19593 0 -100.49 -7.8974
390226286 -1.74125 0.313611 1.18214 0 -100.49 -7.8974
390233504 -1.74063 0.313611 1.16795 0 -100.49 -7.8974
390240181 -1.74004 0.313611 1.15437 0 -100.49 -7.8974
390248480 -1.73944 0.313611 1.14063 0 -100.49 -7.8974
390254013 -1.73884 0.313611 1.12673 0 -100.49 -7.8974
390261104 -1.73824 0.313611 1.11281 0 -100.49 -7.8974
390267845 -1.73764 0.313611 1.09909 0 -100.49 -7.8974
390276950 -1.73686 0.313611 1.08117 0 -100.49 -7.8974
390281930 -1.73642 0.313611 1.07095 0 -100.49 -7.8974
390288892 -1.73582 0.313611 1.05726 0 -100.49 -7.8974
390295696 -1.73522 0.313611 1.04344 0 -100.49 -7.8974
390302744 -1.73462 0.313611 1.02959 0 -100.49 -7.8974
390309559 -1.73402 0.313611 1.01574 0 -100.49 -7.8974
390316636 -1.73341 0.313611 1.00184 0 -100.49 -7.8974
390323359 -1.73282 0.313611 0.988166 0 -100.49 -7.8974
390330512 -1.73221 0.313611 0.974142 0 -100.49 -7.8974
390337287 -1.73161 0.313611 0.960335 0 -100.49 -7.8974
390344415 -1.731 0.313611 0.946338 0 -100.49 -7.8974
390351209 -1.7304 0.313611 0.932519 0 -100.49 -7.8974
390358267 -1.7298 0.313611 0.918648 0 -100.49 -7.8974
390365111 -1.7292 0.313611 0.904743 0 -100.49 -7.8974
390372626 -1.72859 0.313611 0.890918 0 -100.49 -7.8974
390378981 -1.72799 0.313611 0.877027 0 -100.49 -7.8974
390386079 -1.72739 0.313611 0.863106 0 -100.49 -7.8974
390392885 -1.72678 0.313611 0.849244 0 -100.49 -7.8974
390399982 -1.72618 0.313611 0.835311 0 -100.49 -7.8974
390406662 -1.72559 0.313611 0.82172 0 -100.49 -7.8974
390413846 -1.72497 0.313611 0.807605 0 -100.49 -7.8974
390420627 -1.72438 0.313611 0.793814 0 -100.49 -7.8974
390427738 -1.72377 0.313611 0.779863 0 -100.49 -7.8974
390434645 -1.72316 0.313611 0.765814 0 -100.49 -7.8974
390441706 -1.72256 0.313611 0.751997 0 -100.49 -7.8974
390448538 -1.72195 0.313611 0.738052 0 -100.49 -7.8974
390456266 -1.72136 0.313611 0.724373 0 -100.49 -7.8974
390462373 -1.72075 0.313611 0.710409 0 -100.49 -7.8974
390469539 -1.72014 0.313611 0.696368 0 -100.49 -7.8974
390476545 -1.71952 0.313611 0.682089 0 -100.49 -7.8974
390483365 -1.71895 0.313611 0.668974 0 -100.49 -7.8974
390490055 -1.71835 0.313611 0.655097 0 -100.49 -7.8974
390497535 -1.71773 0.313611 0.640904 0 -100.49 -7.8974
390503963 -1.71714 0.313611 0.627297 0 -100.49 -7.8974
