60
529363948 -1.15671 2.78005 -1.4822 0 -100.393 -11.8003
529369861 -1.13763 2.77819 -1.48192 0 -100.375 -11.8053
529376882 -1.11775 2.776 -1.48156 0 -100.352 -11.8123
529383847 -1.09821 2.77353 -1.4811 0 -100.331 -11.8213
529390788 -1.07879 2.77078 -1.48051 0 -100.308 -11.8313
529397820 -1.05941 2.76772 -1.47978 0 -100.288 -11.8423
529406070 -1.04042 2.76444 -1.47889 0 -100.267 -11.8533
529411611 -1.02083 2.76076 -1.47782 0 -100.256 -11.8593
529420973 -1.00153 2.75699 -1.47667 0 -100.254 -11.8593
529425415 -0.982521 2.75324 -1.47555 0 -100.246 -11.8643
529434251 -0.963104 2.7493 -1.47433 0 -100.245 -11.8663
529439362 -0.944265 2.74546 -1.47311 0 -100.238 -11.8753
529446373 -0.924785 2.74139 -1.47169 0 -100.231 -11.8853
529454942 -0.905455 2.73726 -1.47011 0 -100.23 -11.8883
529460325 -0.886346 2.73315 -1.46849 0 -100.224 -11.8973
529467204 -0.86724 2.72896 -1.46672 0 -100.218 -11.9053
529474154 -0.848101 2.72468 -1.4648 0 -100.214 -11.9113
529481127 -0.829138 2.72037 -1.46281 0 -100.209 -11.9163
529488859 -0.809803 2.71591 -1.46069 0 -100.209 -11.9163
529495554 -0.790913 2.71156 -1.45862 0 -100.206 -11.9183
529502565 -0.772128 2.70718 -1.45654 0 -100.206 -11.9193
529508664 -0.753019 2.70273 -1.4544 0 -100.206 -11.9203
529516223 -0.733939 2.69829 -1.45224 0 -100.205 -11.9203
529523886 -0.715062 2.69388 -1.45011 0 -100.204 -11.9173
529529622 -0.695987 2.68941 -1.44802 0 -100.204 -11.9143
529536651 -0.677133 2.68499 -1.446 0 -100.204 -11.9083
529544978 -0.658136 2.68055 -1.44409 0 -100.205 -11.8973
529550440 -0.639111 2.67611 -1.44239 0 -100.207 -11.8863
529558535 -0.619598 2.6716 -1.44085 0 -100.207 -11.8863
529565614 -0.600811 2.66725 -1.43937 0 -100.207 -11.8823
529571305 -0.581848 2.66286 -1.43795 0 -100.211 -11.8623
529578508 -0.562295 2.6584 -1.43686 0 -100.213 -11.8363
529586649 -0.543257 2.65409 -1.4363 0 -100.213 -11.8313
529592673 -0.524518 2.64985 -1.43583 0 -100.213 -11.8313
529600325 -0.505023 2.64543 -1.43535 0 -100.213 -11.8313
529605941 -0.48611 2.64115 -1.43488 0 -100.214 -11.7973
529613825 -0.466632 2.63676 -1.43506 0 -100.214 -11.7973
529619869 -0.44783 2.63251 -1.43523 0 -100.214 -11.7633
529627115 -0.428581 2.62817 -1.43606 0 -100.214 -11.7273
529633816 -0.409416 2.62383 -1.43758 0 -100.214 -11.6913
529640612 -0.39059 2.61955 -1.43976 0 -100.214 -11.6593
529648982 -0.380082 2.61518 -1.43154 0 -100.214 -11.6553
529654667 -0.369718 2.61089 -1.4235 0 -100.212 -11.6333
529661569 -0.359085 2.60652 -1.41562 0 -100.21 -11.6083
529668657 -0.348414 2.60219 -1.40812 0 -100.209 -11.5863
529675530 -0.337381 2.59777 -1.40072 0 -100.206 -11.5673
529682467 -0.326226 2.5933 -1.39354 0 -100.205 -11.5503
529690427 -0.314999 2.58884 -1.38658 0 -100.205 -11.5473
529697776 -0.303409 2.58425 -1.37945 0 -100.204 -11.5453
529703342 -0.292493 2.57992 -1.37276 0 -100.202 -11.5343
529711733 -0.281345 2.57549 -1.36609 0 -100.202 -11.5333
529718680 -0.269907 2.57095 -1.35927 0 -100.202 -11.5313
529724727 -0.258607 2.56647 -1.35256 0 -100.199 -11.5193
529731088 -0.247236 2.56195 -1.346 0 -100.197 -11.5073
529738205 -0.235918 2.55745 -1.33964 0 -100.195 -11.4963
529745794 -0.224499 2.55291 -1.33339 0 -100.194 -11.4813
529751887 -0.212818 2.54829 -1.32722 0 -100.194 -11.4703
529758699 -0.201399 2.5438 -1.32135 0 -100.195 -11.4563
529766976 -0.189453 2.53915 -1.31542 0 -100.198 -11.4383
529773905 -0.177677 2.53465 -1.30984 0 -100.199 -11.4373
