60
52658937 0.829897 0.868494 -0.397199 0 0.115002 -1.31064
52664490 0.829897 0.868494 -0.397199 0 0.115002 -1.31064
52671616 0.829897 0.868494 -0.397199 0 0.115002 -1.31064
52682243 0.829897 0.868494 -0.397199 0 0.115002 -1.31064
52685225 0.829897 0.868494 -0.397199 0 0.115002 -1.31064
52692982 0.829897 0.868494 -0.397199 0 0.115002 -1.31064
52699095 0.829897 0.868494 -0.397199 0 0.115002 -1.31064
52706110 0.829897 0.868494 -0.397199 0 0.115002 -1.31064
52713493 0.829897 0.868494 -0.397199 0 0.115002 -1.31064
52719927 0.829897 0.868494 -0.397199 0 0.115002 -1.31064
52726949 0.829897 0.868494 -0.397199 0 0.115002 -1.31064
52733824 0.829897 0.868494 -0.397199 0 0.115002 -1.31064
52740924 0.829897 0.868494 -0.397199 0 0.115002 -1.31064
52748703 0.829897 0.868494 -0.397199 0 0.115002 -1.31064
52754710 0.829897 0.868494 -0.397199 0 0.115002 -1.31064
52765000 0.829897 0.868494 -0.397199 0 0.115002 -1.31064
52768643 0.829897 0.868494 -0.397199 0 0.115002 -1.31064
52775707 0.829897 0.868494 -0.397199 0 0.115002 -1.31064
52782537 0.829897 0.868494 -0.397199 0 0.115002 -1.31064
52789535 0.829897 0.868494 -0.397199 0 0.115002 -1.31064
52796403 0.829897 0.868494 -0.397199 0 0.115002 -1.31064
52803478 0.829897 0.868494 -0.397199 0 0.115002 -1.31064
52810309 0.829897 0.868494 -0.397199 0 0.115002 -1.31064
52817303 0.829897 0.868494 -0.397199 0 0.115002 -1.31064
52824143 0.829897 0.868494 -0.397199 0 0.115002 -1.31064
52832147 0.829897 0.868494 -0.397199 0 0.115002 -1.31064
52838026 0.829897 0.868494 -0.397199 0 0.115002 -1.31064
52848312 0.829897 0.868494 -0.397199 0 0.115002 -1.31064
52851981 0.829897 0.868494 -0.397199 0 0.115002 -1.31064
52860030 0.829897 0.868494 -0.397199 0 0.115002 -1.31064
52865843 0.829897 0.868494 -0.397199 0 0.115002 -1.31064
52873040 0.829897 0.868494 -0.397199 0 0.115002 -1.31064
52879756 0.829897 0.868494 -0.397199 0 0.115002 -1.31064
52886732 0.829897 0.868494 -0.397199 0 0.115002 -1.31064
52893650 0.829897 0.868494 -0.397199 0 0.115002 -1.31064
52901017 0.829897 0.868494 -0.397199 0 0.115002 -1.31064
52907520 0.829897 0.868494 -0.397199 0 0.115002 -1.31064
52914978 0.829897 0.868494 -0.397199 0 0.115002 -1.31064
52921392 0.829897 0.868494 -0.397199 0 0.115002 -1.31064
52931534 0.829897 0.868494 -0.397199 0 0.115002 -1.31064
52935255 0.829897 0.868494 -0.397199 0 0.115002 -1.31064
52942372 0.829897 0.868494 -0.397199 0 0.115002 -1.31064
52949164 0.829897 0.868494 -0.397199 0 0.115002 -1.31064
52956199 0.829897 0.868494 -0.397199 0 0.115002 -1.31064
52963052 0.829897 0.868494 -0.397199 0 0.115002 -1.31064
52970138 0.829897 0.868494 -0.397199 0 0.115002 -1.31064
52976920 0.829897 0.868494 -0.397199 0 0.115002 -1.31064
52984025 0.829897 0.868494 -0.397199 0 0.115002 -1.31064
52990831 0.829897 0.868494 -0.397199 0 0.115002 -1.31064
52998216 0.829897 0.868494 -0.397199 0 0.115002 -1.31064
53004649 0.829897 0.868494 -0.397199 0 0.115002 -1.31064
53014960 0.829897 0.868494 -0.397199 0 0.115002 -1.31064
53018603 0.829897 0.868494 -0.397199 0 0.115002 -1.31064
53025681 0.829897 0.868494 -0.397199 0 0.115002 -1.31064
53032493 0.829897 0.868494 -0.397199 0 0.115002 -1.31064
53039554 0.829897 0.868494 -0.397199 0 0.115002 -1.31064
53047045 0.829897 0.868494 -0.397199 0 0.115002 -1.31064
53054220 0.829897 0.868494 -0.397199 0 0.115002 -1.31064
53061361 0.829897 0.868494 -0.397199 0 0.115002 -1.31064
53067226 0.829897 0.868494 -0.397199 0 0.115002 -1.31064
