60
380769139 1.81721 0.928604 1.47202 0 -99.8595 -7.23238
380775302 1.81721 0.928604 1.47202 0 -99.8624 -7.24338
380782176 1.81721 0.928604 1.47202 0 -99.8674 -7.26538
380789054 1.81721 0.928604 1.47202 0 -99.8684 -7.27338
380796049 1.81721 0.928604 1.47202 0 -99.8704 -7.28038
380802963 1.81721 0.928604 1.47202 0 -99.8724 -7.28738
380809842 1.81721 0.928604 1.47202 0 -99.8734 -7.29338
380816905 1.81721 0.928604 1.47202 0 -99.8754 -7.29938
380825444 1.81721 0.928604 1.47202 0 -99.8784 -7.30638
380830863 1.81721 0.928604 1.47202 0 -99.8804 -7.30938
380837720 1.81721 0.928604 1.47202 0 -99.8814 -7.31638
380844674 1.81721 0.928604 1.47202 0 -99.8834 -7.32238
380851992 1.81721 0.928604 1.47202 0 -99.8834 -7.32238
380858501 1.81721 0.928604 1.47202 0 -99.8854 -7.32938
380865535 1.81721 0.928604 1.47202 0 -99.8884 -7.33538
380872443 1.81721 0.928604 1.47202 0 -99.8904 -7.34338
380879968 1.81721 0.928604 1.47202 0 -99.8904 -7.34338
380888663 1.81721 0.928604 1.47202 0 -99.8904 -7.34438
380893949 1.81721 0.928604 1.47202 0 -99.8904 -7.34438
380900874 1.81721 0.928604 1.47202 0 -99.8934 -7.35638
380907191 1.81721 0.928604 1.47202 0 -99.8964 -7.36538
380914783 1.81721 0.928604 1.47202 0 -99.8994 -7.37938
380923981 1.81721 0.928604 1.47202 0 -99.8994 -7.38138
380927967 1.81721 0.928604 1.47202 0 -99.9024 -7.38638
380935007 1.81721 0.928604 1.47202 0 -99.9054 -7.39638
380942979 1.81721 0.928604 1.47202 0 -99.9054 -7.39838
380951056 1.81721 0.928604 1.47202 0 -99.9084 -7.40738
380955680 1.81721 0.928604 1.47202 0 -99.9114 -7.41538
380964450 1.81721 0.928604 1.47202 0 -99.9144 -7.42838
380969586 1.81721 0.928604 1.47202 0 -99.9164 -7.43538
380976682 1.81721 0.928604 1.47202 0 -99.9194 -7.44638
380986156 1.81721 0.928604 1.47202 0 -99.9194 -7.44738
380990448 1.81721 0.928604 1.47202 0 -99.9224 -7.45538
380997917 1.81721 0.928604 1.47202 0 -99.9224 -7.45538
381005274 1.81721 0.928604 1.47202 0 -99.9264 -7.46838
381012958 1.81721 0.928604 1.47202 0 -99.9284 -7.47038
381018174 1.81721 0.928604 1.47202 0 -99.9294 -7.47938
381025252 1.81721 0.928604 1.47202 0 -99.9324 -7.49138
381032184 1.81721 0.928604 1.47202 0 -99.9374 -7.50338
381039100 1.81721 0.928604 1.47202 0 -99.9414 -7.51838
381046039 1.81721 0.928604 1.47202 0 -99.9454 -7.53238
381052965 1.81721 0.928604 1.47202 0 -99.9494 -7.54438
381059899 1.81721 0.928604 1.47202 0 -99.9534 -7.55438
381066862 1.81721 0.928604 1.47202 0 -99.9574 -7.56538
381073747 1.81721 0.928604 1.47202 0 -99.9604 -7.57638
381080859 1.81721 0.928604 1.47202 0 -99.9644 -7.58738
381087635 1.81721 0.928604 1.47202 0 -99.9674 -7.59838
381094667 1.81721 0.928604 1.47202 0 -99.9724 -7.60938
381101682 1.81721 0.928604 1.47202 0 -99.9744 -7.61538
381109778 1.81721 0.928604 1.47202 0 -99.9754 -7.61638
381116829 1.81721 0.928604 1.47202 0 -99.9754 -7.61638
381122370 1.81721 0.928604 1.47202 0 -99.9784 -7.62338
381130369 1.81721 0.928604 1.47202 0 -99.9814 -7.63338
381137157 1.81721 0.928604 1.47202 0 -99.9814 -7.63338
381143756 1.81721 0.928604 1.47202 0 -99.9814 -7.63338
381153235 1.81721 0.928604 1.47202 0 -99.9814 -7.63538
381157119 1.81721 0.928604 1.47202 0 -99.9834 -7.64038
381164199 1.81721 0.928604 1.47202 0 -99.9854 -7.64938
381171685 1.81721 0.928604 1.47202 0 -99.9884 -7.65738
381177760 1.81721 0.928604 1.47202 0 -99.9904 -7.66538
