60
77766574 -2.19832 0.599754 0.710198 0 0.306 8.13238
77769601 -2.18934 0.596805 0.707632 0 0.307 8.13238
77775058 -2.17889 0.593358 0.704645 0 0.308 8.13238
77782386 -2.16596 0.58908 0.700948 0 0.308 8.13238
77789533 -2.15335 0.584908 0.697345 0 0.308 8.13238
77796476 -2.14049 0.580652 0.693668 0 0.31 8.13338
77803290 -2.12767 0.576381 0.689991 0 0.311 8.13438
77811417 -2.11358 0.571669 0.685934 0 0.314 8.13738
77817389 -2.10231 0.567855 0.68265 0 0.314 8.13738
77824310 -2.08991 0.563662 0.679039 0 0.317 8.14138
77833356 -2.07548 0.558727 0.674775 0 0.318 8.14338
77837771 -2.06471 0.555027 0.671568 0 0.319 8.14538
77848014 -2.04583 0.548517 0.665905 0 0.323 8.15438
77852601 -2.03809 0.545804 0.663507 0 0.324 8.15838
77858784 -2.0267 0.541796 0.65993 0 0.325 8.16238
77865920 -2.01403 0.537316 0.655894 0 0.325 8.16238
77872716 -2.00175 0.532971 0.65198 0 0.327 8.16838
77880307 -1.98783 0.528006 0.647453 0 0.329 8.17438
77887260 -1.97514 0.523441 0.643243 0 0.331 8.18038
77893271 -1.96433 0.519521 0.639585 0 0.332 8.18438
77900507 -1.9518 0.514954 0.635288 0 0.332 8.18438
77907674 -1.93962 0.510515 0.63111 0 0.332 8.18438
77915171 -1.9258 0.505477 0.626369 0 0.333 8.19138
77921405 -1.91476 0.501429 0.622496 0 0.333 8.19138
77931297 -1.89644 0.494715 0.616069 0 0.335 8.20238
77935698 -1.889 0.491961 0.613369 0 0.336 8.20638
77942624 -1.87659 0.487343 0.608805 0 0.336 8.20938
77949632 -1.86447 0.482828 0.604306 0 0.336 8.21438
77955753 -1.85316 0.478607 0.600045 0 0.336 8.21638
77963024 -1.84035 0.47382 0.595185 0 0.337 8.21738
77970063 -1.82863 0.469428 0.59073 0 0.337 8.21738
77976604 -1.81641 0.464849 0.586084 0 0.337 8.21838
77983576 -1.80413 0.460243 0.581399 0 0.337 8.21838
77990418 -1.79202 0.455703 0.57678 0 0.337 8.21938
77998819 -1.77838 0.450584 0.57156 0 0.337 8.21938
78004277 -1.76722 0.446397 0.56729 0 0.337 8.21938
78014698 -1.74929 0.439674 0.560433 0 0.337 8.22138
78019573 -1.7416 0.436785 0.557472 0 0.338 8.22138
78026420 -1.72892 0.43201 0.552592 0 0.338 8.22138
78033563 -1.71692 0.427492 0.547975 0 0.338 8.22138
78038969 -1.70609 0.42341 0.543804 0 0.338 8.22138
78049427 -1.6879 0.416561 0.536805 0 0.338 8.22138
78053952 -1.68025 0.41368 0.533861 0 0.338 8.22138
78059814 -1.6694 0.409593 0.529685 0 0.338 8.22138
78066911 -1.65712 0.404969 0.524959 0 0.338 8.22138
78073633 -1.64506 0.400426 0.520317 0 0.338 8.22138
78080820 -1.63265 0.395751 0.515539 0 0.338 8.22138
78087665 -1.62035 0.391119 0.510806 0 0.338 8.22138
78097891 -1.60257 0.384423 0.503963 0 0.338 8.22138
78101502 -1.59598 0.38194 0.501426 0 0.338 8.22138
78108709 -1.58391 0.377395 0.496782 0 0.338 8.22138
78115414 -1.57149 0.372718 0.492002 0 0.338 8.22138
78122405 -1.55937 0.368153 0.487337 0 0.338 8.22138
78129866 -1.54626 0.363216 0.482292 0 0.338 8.22138
78136248 -1.53481 0.358902 0.477883 0 0.338 8.22138
78143323 -1.52255 0.354288 0.473168 0 0.338 8.22138
78150111 -1.51039 0.349706 0.468486 0 0.338 8.22138
78157175 -1.49817 0.345103 0.463782 0 0.338 8.22138
78164004 -1.48593 0.340494 0.459072 0 0.338 8.22138
78171033 -1.47373 0.335902 0.454379 0 0.338 8.22138
