60
80134770 6.20245 0.98748 -0.503503 0 -0.735001 -7.57358
80141119 6.20245 0.98748 -0.503503 0 -0.744001 -7.55458
80148216 6.20245 0.98748 -0.503503 0 -0.751001 -7.52858
80155154 6.20245 0.98748 -0.503503 0 -0.759001 -7.50258
80162062 6.20245 0.98748 -0.503503 0 -0.767002 -7.48158
80170532 6.20245 0.98748 -0.503503 0 -0.775002 -7.45658
80176639 6.20245 0.98748 -0.503503 0 -0.779002 -7.44158
80184461 6.20245 0.98748 -0.503503 0 -0.785002 -7.42658
80190774 6.20245 0.98748 -0.503503 0 -0.785002 -7.42458
80197243 6.20245 0.98748 -0.503503 0 -0.785002 -7.42458
80204307 6.20245 0.98748 -0.503503 0 -0.789002 -7.41058
80210747 6.20245 0.98748 -0.503503 0 -0.792002 -7.39558
80217625 6.20245 0.98748 -0.503503 0 -0.796002 -7.38158
80225311 6.20245 0.98748 -0.503503 0 -0.796002 -7.38158
80232193 6.20245 0.98748 -0.503503 0 -0.796002 -7.38158
80238457 6.20245 0.98748 -0.503503 0 -0.799002 -7.36258
80245269 6.20245 0.98748 -0.503503 0 -0.808002 -7.32158
80253155 6.20245 0.98748 -0.503503 0 -0.808002 -7.32158
80259199 6.20245 0.98748 -0.503503 0 -0.814002 -7.30158
80266361 6.20245 0.98748 -0.503503 0 -0.821002 -7.28158
80273013 6.20245 0.98748 -0.503503 0 -0.826002 -7.26358
80280968 6.20245 0.98748 -0.503503 0 -0.832002 -7.24058
80287028 6.20245 0.98748 -0.503503 0 -0.836002 -7.22558
80294039 6.20245 0.98748 -0.503503 0 -0.842002 -7.20958
80300941 6.20245 0.98748 -0.503503 0 -0.847002 -7.19358
80307810 6.20245 0.98748 -0.503503 0 -0.850002 -7.17758
80314761 6.20245 0.98748 -0.503503 0 -0.854002 -7.16258
80321787 6.20245 0.98748 -0.503503 0 -0.856002 -7.14558
80328620 6.20245 0.98748 -0.503503 0 -0.860002 -7.13158
80335533 6.20245 0.98748 -0.503503 0 -0.865002 -7.11758
80344116 6.20245 0.98748 -0.503503 0 -0.866002 -7.11658
80349679 6.20245 0.98748 -0.503503 0 -0.869002 -7.10258
80358056 6.20245 0.98748 -0.503503 0 -0.869002 -7.10058
80365517 6.20245 0.98748 -0.503503 0 -0.870002 -7.09758
80371203 6.20245 0.98748 -0.503503 0 -0.874002 -7.08658
80378421 6.20245 0.98748 -0.503503 0 -0.880002 -7.07058
80384478 6.20245 0.98748 -0.503503 0 -0.883002 -7.05458
80393971 6.20245 0.98748 -0.503503 0 -0.884002 -7.05158
80398394 6.20245 0.98748 -0.503503 0 -0.888002 -7.03958
80405638 6.20245 0.98748 -0.503503 0 -0.888002 -7.03758
80411986 6.20245 0.98748 -0.503503 0 -0.893002 -7.02358
80419110 6.20245 0.98748 -0.503503 0 -0.898002 -7.00458
80425825 6.20245 0.98748 -0.503503 0 -0.902002 -6.99058
80432892 6.20245 0.98748 -0.503503 0 -0.906002 -6.97158
80439993 6.20245 0.98748 -0.503503 0 -0.908002 -6.95958
80446965 6.20245 0.98748 -0.503503 0 -0.911002 -6.94658
80453790 6.20245 0.98748 -0.503503 0 -0.914002 -6.93258
80460686 6.20245 0.98748 -0.503503 0 -0.916002 -6.91758
80467622 6.20245 0.98748 -0.503503 0 -0.919002 -6.90358
80474470 6.20245 0.98748 -0.503503 0 -0.922002 -6.88958
80481314 6.20245 0.98748 -0.503503 0 -0.924002 -6.87458
80489180 6.20245 0.98748 -0.503503 0 -0.924002 -6.87458
80495514 6.20245 0.98748 -0.503503 0 -0.925002 -6.85858
80502313 6.20245 0.98748 -0.503503 0 -0.926002 -6.83958
80509099 6.20245 0.98748 -0.503503 0 -0.928002 -6.81858
80516424 6.20245 0.98748 -0.503503 0 -0.930001 -6.79858
80523073 6.20245 0.98748 -0.503503 0 -0.933002 -6.75458
80530090 6.20245 0.98748 -0.503503 0 -0.933002 -6.73158
80536944 6.20245 0.98748 -0.503503 0 -0.933002 -6.71058
80544004 6.20245 0.98748 -0.503503 0 -0.934002 -6.69058
