60
66339919 -0.635237 3.77994 0.021372 0 0.554 1.93437
66345207 -0.624077 3.77255 0.0171259 0 0.484 1.90537
66352088 -0.612526 3.76612 0.0131103 0 0.484 1.90537
66359711 -0.599457 3.75885 0.0085668 0 0.413 1.87437
66366211 -0.588755 3.75393 0.0052144 0 0.404 1.87037
66372833 -0.576633 3.74851 0.00147023 0 0.361 1.85137
66379571 -0.564102 3.74359 -0.00214107 0 0.313 1.82937
66387582 -0.549635 3.73874 -0.00596736 0 0.263 1.80937
66393708 -0.538436 3.73564 -0.00869107 0 0.263 1.80937
66400664 -0.525396 3.73203 -0.0118625 0 0.263 1.80937
66407309 -0.512424 3.72843 -0.0150175 0 0.229 1.80137
66414335 -0.499217 3.72527 -0.0181179 0 0.202 1.79237
66421208 -0.486003 3.7225 -0.0210946 0 0.179 1.78737
66432364 -0.464887 3.71858 -0.0257406 0 0.147 1.77937
66436710 -0.456475 3.71731 -0.027521 0 0.139 1.77537
66442264 -0.445709 3.71577 -0.0297547 0 0.139 1.77537
66449248 -0.432264 3.71385 -0.0325444 0 0.119 1.77337
66456273 -0.418822 3.71221 -0.0353052 0 0.119 1.77337
66463886 -0.403665 3.71036 -0.0384184 0 0.0970002 1.76737
66470131 -0.391598 3.70916 -0.0408215 0 0.0920002 1.76437
66476969 -0.378091 3.70789 -0.0434692 0 0.0710002 1.75937
66484223 -0.36455 3.70691 -0.0460533 0 0.0680002 1.75837
66490626 -0.350994 3.70597 -0.0486263 0 0.0450002 1.75137
66497887 -0.337299 3.70535 -0.0511266 0 0.0450002 1.75137
66504496 -0.323709 3.70472 -0.0536076 0 0.0260002 1.74437
66514590 -0.303853 3.7042 -0.0570892 0 0.0020002 1.73437
66518727 -0.29611 3.70418 -0.0583672 0 0.0020002 1.73437
66526416 -0.280736 3.70415 -0.0609046 0 -0.0109998 1.73037
66533337 -0.267306 3.7043 -0.0630662 0 -0.0169998 1.72637
66539237 -0.255158 3.70451 -0.0649714 0 -0.0229998 1.72537
66546784 -0.241044 3.70484 -0.0671706 0 -0.0229998 1.72537
66553772 -0.227353 3.70516 -0.069304 0 -0.0279998 1.72437
66560206 -0.213711 3.70555 -0.0714157 0 -0.0309998 1.72337
66568524 -0.198716 3.70602 -0.0737214 0 -0.0349998 1.71937
66574092 -0.186251 3.70646 -0.0755872 0 -0.0379998 1.71837
66581513 -0.172411 3.70699 -0.0776446 0 -0.0379998 1.71837
66588512 -0.158984 3.70751 -0.0796405 0 -0.0419998 1.71537
66598284 -0.138558 3.70837 -0.0826144 0 -0.0489998 1.71137
66603163 -0.129915 3.7088 -0.0838375 0 -0.0509998 1.70937
66609209 -0.117509 3.70944 -0.0855677 0 -0.0539998 1.70437
66617029 -0.102563 3.71026 -0.087576 0 -0.0569998 1.70237
66623739 -0.0902904 3.71096 -0.0892002 0 -0.0629998 1.69637
66630622 -0.0752657 3.71192 -0.0910969 0 -0.0649998 1.69437
66637698 -0.061287 3.71283 -0.0928332 0 -0.0669998 1.69137
66644580 -0.047711 3.71375 -0.0944781 0 -0.0679998 1.69137
66651569 -0.0338883 3.7147 -0.0961529 0 -0.0699998 1.68937
66657479 -0.0213064 3.71559 -0.0976518 0 -0.0709998 1.68937
66666348 -0.00582527 3.7167 -0.0994961 0 -0.0719998 1.68937
66671306 0.00621014 3.71757 -0.10093 0 -0.0729998 1.68837
66682630 0.0264153 3.71906 -0.103317 0 -0.0749998 1.68737
66686281 0.0358917 3.71978 -0.104426 0 -0.0759998 1.68737
66693538 0.0487048 3.72076 -0.105927 0 -0.0769998 1.68637
66699610 0.0613758 3.72174 -0.107398 0 -0.0769998 1.68637
66706136 0.0748371 3.72279 -0.108961 0 -0.0789998 1.68537
66714182 0.089926 3.72399 -0.110697 0 -0.0799998 1.68537
66719829 0.102443 3.725 -0.112137 0 -0.0809998 1.68537
66726967 0.116189 3.72612 -0.113719 0 -0.0819998 1.68537
66733797 0.130009 3.72727 -0.11531 0 -0.0829998 1.68437
66740997 0.143766 3.72842 -0.116879 0 -0.0829998 1.68437
66747888 0.157467 3.72957 -0.118442 0 -0.0829998 1.68437
