60
51061545 3.25278 1.00358 -0.488713 0 0.045002 -1.63664
51067055 3.2389 1.00295 -0.489628 0 0.045002 -1.63664
51074104 3.22506 1.00233 -0.490541 0 0.045002 -1.63664
51080994 3.21112 1.0017 -0.49146 0 0.045002 -1.63664
51088155 3.19718 1.00107 -0.492379 0 0.045002 -1.63664
51099245 3.17497 1.00007 -0.493844 0 0.045002 -1.63664
51101949 3.16932 0.99981 -0.494216 0 0.045002 -1.63664
51109037 3.15559 0.99919 -0.495121 0 0.045002 -1.63664
51115863 3.1416 0.998559 -0.496044 0 0.045002 -1.63664
51123034 3.12802 0.997946 -0.496939 0 0.045002 -1.63664
51130286 3.11309 0.997273 -0.497923 0 0.045002 -1.63664
51137781 3.09865 0.996621 -0.498876 0 0.045002 -1.63664
51143609 3.08628 0.996063 -0.499691 0 0.045002 -1.63664
51151501 3.07128 0.995386 -0.50068 0 0.045002 -1.63664
51157411 3.05875 0.99482 -0.501506 0 0.045002 -1.63664
51165359 3.04355 0.994134 -0.502509 0 0.045002 -1.63664
51171508 3.03066 0.993552 -0.503359 0 0.045002 -1.63664
51182766 3.00847 0.992551 -0.504822 0 0.045002 -1.63664
51185252 3.00325 0.992315 -0.505166 0 0.045002 -1.63664
51192339 2.98945 0.991692 -0.506076 0 0.045002 -1.63664
51200302 2.97375 0.990984 -0.507111 0 0.045002 -1.63664
51206061 2.96179 0.990444 -0.5079 0 0.045002 -1.63664
51213742 2.94673 0.989765 -0.508893 0 0.045002 -1.63664
51220023 2.93395 0.989188 -0.509735 0 0.045002 -1.63664
51227177 2.92011 0.988563 -0.510648 0 0.045002 -1.63664
51233974 2.90614 0.987933 -0.511569 0 0.045002 -1.63664
51240881 2.89264 0.987323 -0.512459 0 0.045002 -1.63664
51247747 2.87868 0.986693 -0.51338 0 0.045002 -1.63664
51254744 2.86496 0.986074 -0.514284 0 0.045002 -1.63664
51265424 2.84365 0.985112 -0.51569 0 0.045002 -1.63664
51268532 2.83722 0.984822 -0.516114 0 0.045002 -1.63664
51275598 2.82343 0.9842 -0.517023 0 0.044002 -1.63664
51283684 2.80787 0.983514 -0.518048 0 0.043002 -1.63664
51289314 2.79579 0.982992 -0.518845 0 0.042002 -1.63664
51300517 2.77405 0.982077 -0.520279 0 0.042002 -1.63764
51303300 2.76791 0.981818 -0.520689 0 0.042002 -1.63864
51310509 2.75394 0.98123 -0.521639 0 0.040002 -1.63864
51319198 2.73837 0.980605 -0.522696 0 0.040002 -1.64064
51324340 2.7264 0.980125 -0.523534 0 0.039002 -1.64064
51333185 2.71075 0.979513 -0.524629 0 0.036002 -1.64064
51338877 2.69863 0.979075 -0.525477 0 0.036002 -1.64064
51348817 2.67755 0.978314 -0.526952 0 0.035002 -1.64064
51351826 2.67115 0.978089 -0.527399 0 0.034002 -1.64064
51359585 2.65631 0.977583 -0.528437 0 0.032002 -1.64164
51365770 2.64338 0.977168 -0.529355 0 0.030002 -1.64264
51372804 2.62971 0.976757 -0.530339 0 0.030002 -1.64264
51383606 2.60818 0.976109 -0.531888 0 0.028002 -1.64264
51386570 2.60187 0.975932 -0.532342 0 0.026002 -1.64264
51394854 2.58594 0.975517 -0.533488 0 0.025002 -1.64264
51401727 2.57252 0.97518 -0.534454 0 0.024002 -1.64264
51407484 2.5602 0.974884 -0.535341 0 0.023002 -1.64264
51414784 2.5461 0.974558 -0.536355 0 0.023002 -1.64264
51421686 2.53236 0.974242 -0.537344 0 0.022002 -1.64264
51432358 2.51097 0.97377 -0.538883 0 0.021002 -1.64264
51435203 2.50488 0.973642 -0.539322 0 0.020002 -1.64264
51442317 2.49105 0.973364 -0.540317 0 0.019002 -1.64264
51450010 2.47606 0.973078 -0.541396 0 0.019002 -1.64264
51456300 2.4634 0.972837 -0.542307 0 0.019002 -1.64164
51466519 2.44374 0.972463 -0.543702 0 0.019002 -1.64164
51469919 2.4358 0.972311 -0.544266 0 0.019002 -1.64164
