60
272097478 1.73891 3.26028 -0.818227 0 0.743007 -19.8885
272103263 1.73715 3.25093 -0.801157 0 0.742007 -19.8925
272110328 1.73528 3.24145 -0.783833 0 0.741007 -19.8965
272117195 1.73335 3.23206 -0.766647 0 0.740007 -19.9015
272124243 1.73132 3.22266 -0.749427 0 0.739007 -19.9055
272131309 1.7292 3.21319 -0.73209 0 0.738007 -19.9105
272138379 1.72699 3.20377 -0.714806 0 0.736007 -19.9145
272145105 1.72475 3.19456 -0.697884 0 0.735007 -19.9185
272153775 1.7224 3.18528 -0.680817 0 0.734007 -19.9255
272159648 1.7199 3.1759 -0.66355 0 0.733007 -19.9295
272166047 1.71734 3.16659 -0.646409 0 0.733007 -19.9325
272174183 1.71481 3.15759 -0.629838 0 0.733007 -19.9365
272180444 1.71214 3.14829 -0.612721 0 0.733007 -19.9405
272187404 1.70937 3.13892 -0.595507 0 0.732008 -19.9435
272193666 1.7066 3.12975 -0.578618 0 0.732008 -19.9465
272200568 1.70372 3.12039 -0.561417 0 0.732008 -19.9495
272207435 1.70081 3.11109 -0.544309 0 0.732008 -19.9525
272214405 1.69784 3.10176 -0.527179 0 0.732008 -19.9555
272221319 1.69484 3.09251 -0.510193 0 0.732008 -19.9585
272228266 1.69178 3.08323 -0.493164 0 0.732008 -19.9615
272235203 1.68866 3.07394 -0.476117 0 0.731008 -19.9645
272243480 1.6855 3.06468 -0.459118 0 0.731008 -19.9655
272249049 1.68236 3.05554 -0.442335 0 0.731008 -19.9685
272256615 1.67912 3.04627 -0.425326 0 0.731008 -19.9685
272263004 1.67584 3.03689 -0.408129 0 0.731008 -19.9705
272270024 1.67256 3.02758 -0.39105 0 0.729008 -19.9765
272277608 1.66918 3.01837 -0.374136 0 0.729008 -19.9765
272284061 1.66577 3.00907 -0.357058 0 0.728008 -19.9805
272290824 1.66234 2.99991 -0.340234 0 0.727008 -19.9885
272297785 1.6587 2.99062 -0.323158 0 0.726008 -19.9915
272304831 1.65507 2.98151 -0.306414 0 0.725008 -19.9955
272312084 1.65126 2.97215 -0.289198 0 0.725008 -19.9985
272318772 1.64749 2.96299 -0.272366 0 0.725008 -20.0015
272325447 1.64365 2.9538 -0.255495 0 0.725008 -20.0045
272332417 1.63974 2.94456 -0.238535 0 0.725008 -20.0075
272340329 1.63576 2.93529 -0.221529 0 0.725008 -20.0105
272347671 1.63176 2.92607 -0.204632 0 0.725008 -20.0145
272354377 1.62768 2.91684 -0.18772 0 0.725008 -20.0165
272360432 1.6236 2.90769 -0.170979 0 0.725008 -20.0185
272367254 1.61948 2.89851 -0.154182 0 0.725008 -20.0225
272375281 1.61529 2.88934 -0.137422 0 0.725008 -20.0275
272382070 1.61101 2.88014 -0.120629 0 0.724008 -20.0305
272388087 1.6067 2.87101 -0.10397 0 0.724008 -20.0335
272395601 1.60223 2.86167 -0.0869146 0 0.724008 -20.0375
272402738 1.59778 2.85248 -0.0701624 0 0.724008 -20.0375
272408856 1.59334 2.84333 -0.053485 0 0.723008 -20.0415
272415839 1.58877 2.83409 -0.036646 0 0.723008 -20.0445
272422794 1.58426 2.82504 -0.0201606 0 0.723008 -20.0485
272430071 1.57957 2.8158 -0.0033323 0 0.722008 -20.0515
272436539 1.57485 2.80661 0.0133986 0 0.721008 -20.0545
272443490 1.57007 2.79743 0.0301161 0 0.720008 -20.0595
272450599 1.56518 2.78822 0.0468921 0 0.720008 -20.0635
272457618 1.56031 2.77918 0.0633436 0 0.719008 -20.0675
272464486 1.55518 2.76981 0.0803803 0 0.719008 -20.0725
272471288 1.5502 2.76086 0.0966564 0 0.719008 -20.0775
272478291 1.54494 2.75156 0.113512 0 0.717008 -20.0825
272486427 1.53968 2.74247 0.13003 0 0.717008 -20.0845
272492938 1.53436 2.73331 0.146647 0 0.717008 -20.0845
272499595 1.52907 2.72422 0.163142 0 0.717008 -20.0845
272506712 1.52382 2.71518 0.179547 0 0.717008 -20.0845
