60
150050267 -5.66578 3.88715 0.0132129 0 0.0399966 -11.4255
150056490 -5.66578 3.88715 0.0132129 0 0.0399966 -11.4255
150063694 -5.66578 3.88715 0.0132129 0 0.0399966 -11.4255
150070387 -5.66578 3.88715 0.0132129 0 0.0399966 -11.4255
150077423 -5.66578 3.88715 0.0132129 0 0.0399966 -11.4255
150084274 -5.66578 3.88715 0.0132129 0 0.0399966 -11.4255
150091321 -5.66578 3.88715 0.0132129 0 0.0399966 -11.4255
150098182 -5.66578 3.88715 0.0132129 0 0.0399966 -11.4255
150105252 -5.66578 3.88715 0.0132129 0 0.0399966 -11.4255
150113364 -5.66578 3.88715 0.0132129 0 0.0399966 -11.4245
150119142 -5.66578 3.88715 0.0132129 0 0.0389966 -11.4245
150126102 -5.66578 3.88715 0.0132129 0 0.0389966 -11.4245
150133176 -5.66578 3.88715 0.0132129 0 0.0389966 -11.4235
150140078 -5.66578 3.88715 0.0132129 0 0.0389966 -11.4225
150147035 -5.66578 3.88715 0.0132129 0 0.0389966 -11.4205
150155682 -5.66578 3.88715 0.0132129 0 0.0379966 -11.4185
150163145 -5.66578 3.88715 0.0132129 0 0.0359966 -11.4135
150169584 -5.66578 3.88715 0.0132129 0 0.0319966 -11.4085
150175818 -5.66578 3.88715 0.0132129 0 0.0289966 -11.4005
150183322 -5.66578 3.88715 0.0132129 0 0.0279966 -11.3975
150189755 -5.66578 3.88715 0.0132129 0 0.0199966 -11.3875
150196326 -5.66578 3.88715 0.0132129 0 0.0089966 -11.3735
150202580 -5.66578 3.88715 0.0132129 0 0.000996601 -11.3605
150209516 -5.66578 3.88715 0.0132129 0 -0.0080034 -11.3485
150216422 -5.66578 3.88715 0.0132129 0 -0.0190034 -11.3355
150223364 -5.66578 3.88715 0.0132129 0 -0.0270034 -11.3255
150232283 -5.66578 3.88715 0.0132129 0 -0.0280034 -11.3235
150237168 -5.66578 3.88715 0.0132129 0 -0.0330034 -11.3175
150244262 -5.66578 3.88715 0.0132129 0 -0.0410034 -11.3095
150252538 -5.66578 3.88715 0.0132129 0 -0.0420034 -11.3085
150258111 -5.66578 3.88715 0.0132129 0 -0.0470034 -11.3035
150265502 -5.66578 3.88715 0.0132129 0 -0.0470034 -11.3035
150271936 -5.66578 3.88715 0.0132129 0 -0.0530034 -11.3005
150279654 -5.66578 3.88715 0.0132129 0 -0.0620034 -11.2955
150285815 -5.66578 3.88715 0.0132129 0 -0.0680034 -11.2905
150292844 -5.66578 3.88715 0.0132129 0 -0.0760034 -11.2865
150299821 -5.66578 3.88715 0.0132129 0 -0.0830034 -11.2815
150306683 -5.66578 3.88715 0.0132129 0 -0.0900034 -11.2785
150313679 -5.66578 3.88715 0.0132129 0 -0.100003 -11.2725
150320608 -5.66578 3.88715 0.0132129 0 -0.106003 -11.2675
150327559 -5.66578 3.88715 0.0132129 0 -0.114003 -11.2625
150334522 -5.66578 3.88715 0.0132129 0 -0.122003 -11.2565
150341388 -5.66578 3.88715 0.0132129 0 -0.130003 -11.2505
150348302 -5.66578 3.88715 0.0132129 0 -0.138003 -11.2435
150356188 -5.66578 3.88715 0.0132129 0 -0.145003 -11.2375
150362661 -5.66578 3.88715 0.0132129 0 -0.151003 -11.2325
150370114 -5.66578 3.88715 0.0132129 0 -0.152003 -11.2315
150376285 -5.66578 3.88715 0.0132129 0 -0.155003 -11.2285
150384530 -5.66578 3.88715 0.0132129 0 -0.156003 -11.2275
150390728 -5.66578 3.88715 0.0132129 0 -0.156003 -11.2275
150397640 -5.66578 3.88715 0.0132129 0 -0.160003 -11.2245
150403994 -5.66578 3.88715 0.0132129 0 -0.164003 -11.2205
150412632 -5.66578 3.88715 0.0132129 0 -0.169003 -11.2155
150419559 -5.66578 3.88715 0.0132129 0 -0.170003 -11.2145
150424808 -5.66578 3.88715 0.0132129 0 -0.174003 -11.2115
150431743 -5.66578 3.88715 0.0132129 0 -0.179003 -11.2075
150438588 -5.66578 3.88715 0.0132129 0 -0.185003 -11.2015
150445862 -5.66578 3.88715 0.0132129 0 -0.191003 -11.1955
150452474 -5.66578 3.88715 0.0132129 0 -0.196003 -11.1895
150459435 -5.66578 3.88715 0.0132129 0 -0.204003 -11.1845
