60
90197073 -7.22965 0.460394 0.450334 0 0.0999977 -5.93159
90204129 -7.22495 0.459024 0.463154 0 0.100998 -5.92259
90210409 -7.22013 0.457641 0.47593 0 0.101998 -5.91159
90217532 -7.21509 0.45622 0.488859 0 0.101998 -5.90059
90224182 -7.21 0.454826 0.501499 0 0.102998 -5.89059
90231345 -7.20465 0.453378 0.514437 0 0.103998 -5.88059
90238148 -7.1992 0.451928 0.52722 0 0.104998 -5.85959
90245302 -7.19356 0.450481 0.539737 0 0.104998 -5.84959
90252163 -7.1877 0.449012 0.552389 0 0.104998 -5.82959
90259016 -7.18172 0.447573 0.564663 0 0.106998 -5.82259
90266059 -7.1755 0.44607 0.577195 0 0.106998 -5.81659
90273055 -7.16936 0.444605 0.589378 0 0.108998 -5.81059
90279921 -7.16302 0.443079 0.601792 0 0.108998 -5.80359
90288158 -7.15667 0.441574 0.613996 0 0.108998 -5.79659
90293897 -7.15021 0.440063 0.626198 0 0.108998 -5.79259
90300689 -7.14372 0.438555 0.638354 0 0.109998 -5.78759
90308951 -7.1371 0.437017 0.650606 0 0.109998 -5.78559
90314665 -7.13057 0.435506 0.662633 0 0.109998 -5.78159
90322130 -7.12387 0.433968 0.674838 0 0.109998 -5.78159
90328683 -7.1172 0.432436 0.687001 0 0.109998 -5.77259
90335566 -7.11045 0.430909 0.699063 0 0.109998 -5.76759
90343067 -7.10377 0.429415 0.710837 0 0.109998 -5.76759
90350820 -7.09666 0.427821 0.723392 0 0.109998 -5.76559
90357114 -7.09 0.426334 0.73509 0 0.109998 -5.75559
90364113 -7.08291 0.42478 0.747244 0 0.109998 -5.74659
90371639 -7.076 0.423286 0.758874 0 0.109998 -5.74559
90377145 -7.06897 0.42177 0.770661 0 0.109998 -5.73959
90384188 -7.06185 0.420249 0.78245 0 0.109998 -5.73159
90392187 -7.0547 0.418743 0.794063 0 0.109998 -5.72359
90397955 -7.0473 0.417203 0.805878 0 0.109998 -5.71959
90404925 -7.03995 0.415685 0.817503 0 0.109998 -5.71459
90411852 -7.03252 0.41416 0.829139 0 0.109998 -5.70959
90418710 -7.025 0.41263 0.840772 0 0.109998 -5.70559
90425865 -7.01754 0.41112 0.852228 0 0.109998 -5.70259
90433260 -7.00988 0.409577 0.863905 0 0.109998 -5.70259
90439790 -7.00236 0.408064 0.875362 0 0.108998 -5.70059
90447282 -6.9947 0.406541 0.886983 0 0.108998 -5.70059
90454239 -6.98706 0.405021 0.898581 0 0.108998 -5.70059
90460608 -6.97956 0.40353 0.909962 0 0.108998 -5.69659
90467851 -6.97185 0.402005 0.921567 0 0.108998 -5.69659
90475462 -6.9643 0.400512 0.932931 0 0.108998 -5.69659
90481358 -6.95662 0.398993 0.944486 0 0.107998 -5.69259
90488297 -6.94884 0.397479 0.956084 0 0.106998 -5.68559
90495157 -6.94117 0.396015 0.967358 0 0.106998 -5.67859
90502209 -6.93327 0.394522 0.978789 0 0.104998 -5.66859
90508985 -6.92544 0.393091 0.989886 0 0.102998 -5.65959
90516304 -6.91728 0.391647 1.00123 0 0.100998 -5.64859
90522947 -6.90921 0.390267 1.01219 0 0.0979977 -5.63759
90529883 -6.90086 0.388903 1.02328 0 0.0949977 -5.62859
90536863 -6.89236 0.387572 1.03435 0 0.0919977 -5.62059
90544372 -6.88367 0.386269 1.04549 0 0.0889977 -5.61159
90550758 -6.87509 0.385039 1.05628 0 0.0869977 -5.60459
90558626 -6.86653 0.383849 1.0669 0 0.0869977 -5.60359
90565052 -6.85726 0.382563 1.07837 0 0.0849977 -5.59559
90571746 -6.84891 0.381442 1.08854 0 0.0839977 -5.58959
90580739 -6.8401 0.380282 1.09914 0 0.0839977 -5.58859
90585893 -6.83126 0.379119 1.10975 0 0.0839977 -5.58859
90592428 -6.82242 0.377957 1.12035 0 0.0829977 -5.58059
90600066 -6.81349 0.376806 1.1309 0 0.0799977 -5.57059
90606392 -6.80462 0.375719 1.14117 0 0.0769977 -5.56459
