60
51363882 -2.3818 1.41553 -0.687557 0 0.00899842 -4.06161
51370652 -2.37064 1.41541 -0.696052 0 0.00899842 -4.06161
51377815 -2.35944 1.41528 -0.704578 0 0.00899842 -4.06161
51384560 -2.34851 1.41516 -0.712899 0 0.00899842 -4.06161
51391581 -2.33754 1.41503 -0.721257 0 0.00899842 -4.06161
51398413 -2.32647 1.41491 -0.729685 0 0.00899842 -4.06161
51405455 -2.31543 1.41478 -0.738086 0 0.00899842 -4.06161
51412265 -2.30443 1.41466 -0.746467 0 0.00899842 -4.06161
51419370 -2.2933 1.41453 -0.754938 0 0.00899842 -4.06161
51426156 -2.28232 1.41441 -0.763298 0 0.00899842 -4.06161
51433222 -2.27126 1.41428 -0.771723 0 0.00899842 -4.06161
51440116 -2.26011 1.41416 -0.78021 0 0.00899842 -4.06161
51447107 -2.24917 1.41403 -0.788541 0 0.00899842 -4.06161
51454023 -2.23798 1.41391 -0.797059 0 0.00899842 -4.06161
51461318 -2.22667 1.41378 -0.805677 0 0.00899842 -4.06161
51468110 -2.21558 1.41365 -0.814122 0 0.00899842 -4.06161
51475141 -2.20467 1.41353 -0.822429 0 0.00899842 -4.06161
51481965 -2.19353 1.4134 -0.830909 0 0.00899842 -4.06161
51489091 -2.18249 1.41328 -0.839317 0 0.00899842 -4.06161
51495884 -2.17139 1.41315 -0.847769 0 0.00899842 -4.06161
51503201 -2.16001 1.41302 -0.856434 0 0.00899842 -4.06161
51509621 -2.14952 1.41291 -0.864417 0 0.00899842 -4.06161
51517001 -2.13809 1.41278 -0.873121 0 0.00899842 -4.06161
51523795 -2.12697 1.41265 -0.881586 0 0.00899842 -4.06161
51530713 -2.11637 1.41253 -0.889661 0 0.00899842 -4.06161
51537637 -2.10495 1.4124 -0.898354 0 0.00899842 -4.06161
51544866 -2.09372 1.41227 -0.906903 0 0.00899842 -4.06161
51551655 -2.08264 1.41215 -0.915342 0 0.00899842 -4.06161
51559883 -2.07208 1.41203 -0.923388 0 0.00899842 -4.06161
51565276 -2.06097 1.4119 -0.931846 0 0.00899842 -4.06161
51572380 -2.04993 1.41178 -0.940253 0 0.00899842 -4.06161
51579155 -2.03889 1.41165 -0.948658 0 0.00899842 -4.06161
51586639 -2.02768 1.41153 -0.957189 0 0.00899842 -4.06161
51593378 -2.01625 1.4114 -0.965893 0 0.00899842 -4.06161
51600142 -2.00576 1.41128 -0.973886 0 0.00899842 -4.06161
51606865 -1.99479 1.41116 -0.982232 0 0.00899842 -4.06161
51614087 -1.98361 1.41103 -0.990752 0 0.00899842 -4.06161
51620802 -1.97262 1.4109 -0.999119 0 0.00899842 -4.06161
51628235 -1.96156 1.41078 -1.00754 0 0.00899842 -4.06161
51634786 -1.95037 1.41065 -1.01606 0 0.00899842 -4.06161
51641531 -1.9399 1.41053 -1.02403 0 0.00899842 -4.06161
51648395 -1.92871 1.41041 -1.03255 0 0.00899842 -4.06161
51655458 -1.91766 1.41028 -1.04096 0 0.00899842 -4.06161
51662343 -1.90652 1.41016 -1.04945 0 0.00899842 -4.06161
51669320 -1.89559 1.41003 -1.05777 0 0.00899842 -4.06161
51676137 -1.88456 1.40991 -1.06617 0 0.00899842 -4.06161
51683240 -1.87343 1.40978 -1.07464 0 0.00899842 -4.06161
51690049 -1.86243 1.40966 -1.08302 0 0.00899842 -4.06161
51697505 -1.85126 1.40953 -1.09152 0 0.00899842 -4.06161
51703956 -1.8403 1.40941 -1.09987 0 0.00899842 -4.06161
51711119 -1.82924 1.40928 -1.10829 0 0.00899842 -4.06161
51717895 -1.81812 1.40916 -1.11676 0 0.00899842 -4.06161
51724903 -1.80716 1.40903 -1.1251 0 0.00899842 -4.06161
51731952 -1.79576 1.4089 -1.13379 0 0.00899842 -4.06161
51739227 -1.78499 1.40878 -1.14199 0 0.00899842 -4.06161
51745640 -1.77397 1.40866 -1.15037 0 0.00899842 -4.06161
51752843 -1.76268 1.40853 -1.15897 0 0.00899842 -4.06161
51759624 -1.75173 1.40841 -1.16731 0 0.00899842 -4.06161
51766773 -1.74061 1.40828 -1.17577 0 0.00899842 -4.06161
51773552 -1.72957 1.40816 -1.18418 0 0.00899842 -4.06161
