60
331346660 9.01852 15.19 -1.63815 0 -99.4344 -7.65839
331352416 9.02121 15.19 -1.62457 0 -99.4344 -7.66539
331359350 9.0238 15.19 -1.61098 0 -99.4374 -7.67339
331367199 9.02628 15.19 -1.59741 0 -99.4374 -7.67839
331373225 9.02871 15.19 -1.5837 0 -99.4394 -7.68339
331380335 9.03107 15.19 -1.56999 0 -99.4414 -7.68739
331387119 9.03338 15.19 -1.55629 0 -99.4414 -7.69039
331394040 9.03564 15.19 -1.54258 0 -99.4424 -7.69239
331401017 9.03787 15.19 -1.52891 0 -99.4424 -7.69539
331408041 9.04008 15.19 -1.5151 0 -99.4434 -7.69639
331416466 9.0423 15.19 -1.50108 0 -99.4434 -7.69739
331421723 9.04445 15.19 -1.48747 0 -99.4434 -7.69839
331428891 9.04663 15.19 -1.47357 0 -99.4444 -7.69939
331435589 9.04874 15.19 -1.46007 0 -99.4454 -7.70039
331443040 9.05088 15.19 -1.44624 0 -99.4454 -7.70139
331449449 9.05296 15.19 -1.43267 0 -99.4454 -7.70238
331456591 9.05504 15.19 -1.4191 0 -99.4454 -7.70238
331465504 9.05718 15.19 -1.40508 0 -99.4464 -7.70438
331470363 9.05925 15.19 -1.39133 0 -99.4474 -7.70638
331477556 9.06129 15.19 -1.37765 0 -99.4484 -7.70738
331485499 9.06328 15.19 -1.36416 0 -99.4484 -7.70938
331491032 9.06528 15.19 -1.35043 0 -99.4484 -7.71138
331498228 9.06728 15.19 -1.33645 0 -99.4494 -7.71338
331505177 9.0692 15.19 -1.32294 0 -99.4504 -7.71538
331512055 9.07113 15.19 -1.30906 0 -99.4504 -7.71738
331519064 9.07302 15.19 -1.29536 0 -99.4514 -7.72038
331526042 9.07486 15.19 -1.28163 0 -99.4514 -7.72138
331532992 9.0767 15.19 -1.26782 0 -99.4514 -7.72338
331539908 9.07851 15.19 -1.25407 0 -99.4514 -7.72438
331546898 9.08032 15.19 -1.24018 0 -99.4524 -7.72538
331553816 9.08209 15.19 -1.22647 0 -99.4524 -7.72738
331562755 9.08385 15.19 -1.21268 0 -99.4534 -7.73038
331567605 9.08556 15.19 -1.19888 0 -99.4534 -7.73138
331574633 9.08725 15.19 -1.18517 0 -99.4544 -7.73438
331582496 9.08894 15.19 -1.17109 0 -99.4544 -7.73438
331588515 9.09057 15.19 -1.15752 0 -99.4554 -7.73538
331596880 9.09221 15.19 -1.14375 0 -99.4554 -7.73738
331602297 9.09383 15.19 -1.13 0 -99.4564 -7.73838
331609441 9.09544 15.19 -1.1161 0 -99.4574 -7.74038
331616518 9.09702 15.19 -1.10226 0 -99.4574 -7.74138
331623273 9.09858 15.19 -1.08847 0 -99.4574 -7.74138
331630614 9.10017 15.19 -1.07443 0 -99.4574 -7.74138
331636946 9.10169 15.19 -1.06092 0 -99.4574 -7.74138
331644115 9.10328 15.19 -1.04691 0 -99.4574 -7.74138
331650801 9.10481 15.19 -1.03336 0 -99.4574 -7.74138
331657958 9.10637 15.19 -1.01956 0 -99.4584 -7.74138
331664803 9.10796 15.19 -1.00554 0 -99.4594 -7.74138
331672036 9.10952 15.19 -0.991674 0 -99.4594 -7.74138
331678969 9.11108 15.19 -0.977913 0 -99.4594 -7.74338
331687451 9.11259 15.19 -0.964273 0 -99.4604 -7.74538
331692706 9.11409 15.19 -0.950536 0 -99.4604 -7.74638
331699652 9.11558 15.19 -0.936767 0 -99.4604 -7.74738
331706395 9.11704 15.19 -0.923112 0 -99.4604 -7.74838
331713426 9.11853 15.19 -0.909097 0 -99.4604 -7.74838
331720458 9.11998 15.19 -0.895358 0 -99.4604 -7.75038
331727427 9.12142 15.19 -0.881536 0 -99.4614 -7.75038
331734381 9.12286 15.19 -0.867639 0 -99.4614 -7.75238
331741304 9.12426 15.19 -0.85393 0 -99.4624 -7.75538
331748337 9.12564 15.19 -0.839994 0 -99.4624 -7.75638
331755203 9.12698 15.19 -0.826288 0 -99.4634 -7.75838
