60
522995692 -0.871206 2.90348 -1.13102 0 -100.704 -13.3034
523001962 -0.871206 2.90348 -1.13102 0 -100.714 -13.2434
523008892 -0.871206 2.90348 -1.13102 0 -100.719 -13.1724
523015905 -0.871206 2.90348 -1.13102 0 -100.723 -13.1044
523022801 -0.871206 2.90348 -1.13102 0 -100.723 -13.0304
523029811 -0.871206 2.90348 -1.13102 0 -100.723 -12.9564
523036580 -0.871206 2.90348 -1.13102 0 -100.723 -12.8924
523045863 -0.871206 2.90348 -1.13102 0 -100.723 -12.8844
523050515 -0.871206 2.90348 -1.13102 0 -100.723 -12.8354
523057599 -0.871206 2.90348 -1.13102 0 -100.72 -12.7634
523064576 -0.871206 2.90348 -1.13102 0 -100.713 -12.6904
523072320 -0.871206 2.90348 -1.13102 0 -100.713 -12.6904
523078357 -0.871206 2.90348 -1.13102 0 -100.702 -12.6334
523085985 -0.871206 2.90348 -1.13102 0 -100.702 -12.6334
523092334 -0.871206 2.90348 -1.13102 0 -100.685 -12.5644
523100641 -0.871206 2.90348 -1.13102 0 -100.683 -12.5544
523107028 -0.871206 2.90348 -1.13102 0 -100.662 -12.4844
523113278 -0.871206 2.90348 -1.13102 0 -100.642 -12.4214
523120464 -0.871206 2.90348 -1.13102 0 -100.613 -12.3414
523127528 -0.871206 2.90348 -1.13102 0 -100.584 -12.2714
523134063 -0.871206 2.90348 -1.13102 0 -100.561 -12.2184
523142049 -0.871206 2.90348 -1.13102 0 -100.529 -12.1514
523147874 -0.871206 2.90348 -1.13102 0 -100.502 -12.1024
523154988 -0.871206 2.90348 -1.13102 0 -100.472 -12.0574
523161786 -0.871206 2.90348 -1.13102 0 -100.438 -12.0154
523169783 -0.871206 2.90348 -1.13102 0 -100.433 -12.0114
523176472 -0.871206 2.90348 -1.13102 0 -100.433 -12.0114
523183713 -0.871206 2.90348 -1.13102 0 -100.426 -12.0074
523189386 -0.871206 2.90348 -1.13102 0 -100.396 -11.9894
523196801 -0.871206 2.90348 -1.13102 0 -100.396 -11.9894
523203363 -0.871206 2.90348 -1.13102 0 -100.363 -11.9754
523210277 -0.871206 2.90348 -1.13102 0 -100.334 -11.9644
523217274 -0.871206 2.90348 -1.13102 0 -100.308 -11.9544
523224331 -0.871206 2.90348 -1.13102 0 -100.287 -11.9464
523231138 -0.871206 2.90348 -1.13102 0 -100.27 -11.9404
523238196 -0.871206 2.90348 -1.13102 0 -100.25 -11.9344
523245370 -0.871206 2.90348 -1.13102 0 -100.236 -11.9314
523252001 -0.871206 2.90348 -1.13102 0 -100.228 -11.9284
523258995 -0.871206 2.90348 -1.13102 0 -100.218 -11.9264
523265973 -0.871206 2.90348 -1.13102 0 -100.211 -11.9244
523272874 -0.871206 2.90348 -1.13102 0 -100.206 -11.9224
523280833 -0.871206 2.90348 -1.13102 0 -100.201 -11.9204
523286749 -0.871206 2.90348 -1.13102 0 -100.199 -11.9194
523293757 -0.871206 2.90348 -1.13102 0 -100.198 -11.9194
523300773 -0.871206 2.90348 -1.13102 0 -100.198 -11.9194
523307628 -0.871206 2.90348 -1.13102 0 -100.198 -11.9194
523314319 -0.871206 2.90348 -1.13102 0 -100.198 -11.9194
523321425 -0.871206 2.90348 -1.13102 0 -100.198 -11.9194
523328308 -0.871206 2.90348 -1.13102 0 -100.198 -11.9194
523335558 -0.871206 2.90348 -1.13102 0 -100.198 -11.9194
523344202 -0.871206 2.90348 -1.13102 0 -100.198 -11.9194
523349121 -0.871206 2.90348 -1.13102 0 -100.198 -11.9194
523356253 -0.871206 2.90348 -1.13102 0 -100.198 -11.9194
523363148 -0.871206 2.90348 -1.13102 0 -100.198 -11.9194
523370358 -0.871206 2.90348 -1.13102 0 -100.198 -11.9194
523376946 -0.871206 2.90348 -1.13102 0 -100.198 -11.9194
523383983 -0.871206 2.90348 -1.13102 0 -100.198 -11.9194
523390791 -0.871206 2.90348 -1.13102 0 -100.198 -11.9194
523397769 -0.871206 2.90348 -1.13102 0 -100.198 -11.9174
523404692 -0.871206 2.90348 -1.13102 0 -100.198 -11.9144
