60
35751935 -4.00776 1.08941 -0.804107 0 -0.367 -1.64864
35755516 -4.01916 1.09381 -0.804996 0 -0.369 -1.64864
35765428 -4.03818 1.10119 -0.806479 0 -0.374 -1.64864
35769071 -4.04473 1.10377 -0.806991 0 -0.376 -1.64864
35776962 -4.05928 1.10953 -0.808126 0 -0.381 -1.64864
35783496 -4.07061 1.11408 -0.809009 0 -0.384 -1.64864
35789724 -4.08308 1.11913 -0.809982 0 -0.387 -1.64864
35796648 -4.09595 1.12439 -0.810986 0 -0.39 -1.64864
35803511 -4.10866 1.12964 -0.811978 0 -0.392 -1.64864
35813695 -4.12728 1.13736 -0.81343 0 -0.396 -1.64864
35817551 -4.13436 1.14032 -0.813982 0 -0.398 -1.64864
35824488 -4.14707 1.14568 -0.814973 0 -0.4 -1.64864
35832131 -4.16098 1.15158 -0.816059 0 -0.403 -1.64864
35838755 -4.17276 1.15662 -0.816978 0 -0.404 -1.64864
35848896 -4.1916 1.1647 -0.818447 0 -0.407 -1.64864
35853180 -4.19831 1.1676 -0.81897 0 -0.408 -1.64864
35859637 -4.21112 1.17316 -0.81997 0 -0.41 -1.64864
35868333 -4.22538 1.17937 -0.821082 0 -0.412 -1.64864
35873133 -4.23625 1.18413 -0.821929 0 -0.413 -1.64864
35880742 -4.24921 1.18983 -0.822941 0 -0.413 -1.64864
35887456 -4.2618 1.19537 -0.823923 0 -0.414 -1.64864
35897330 -4.28052 1.20362 -0.825383 0 -0.419 -1.64864
35900766 -4.28702 1.20652 -0.82589 0 -0.424 -1.64864
35907914 -4.29958 1.21221 -0.82687 0 -0.426 -1.64864
35915217 -4.31232 1.218 -0.827863 0 -0.429 -1.64764
35921815 -4.32488 1.22377 -0.82883 0 -0.43 -1.64764
35931748 -4.3428 1.23201 -0.83021 0 -0.433 -1.64764
35935883 -4.3501 1.23539 -0.830772 0 -0.435 -1.64764
35943602 -4.36405 1.2419 -0.831846 0 -0.439 -1.64764
35950603 -4.37669 1.24785 -0.83282 0 -0.441 -1.64764
35956853 -4.38775 1.25308 -0.833671 0 -0.443 -1.64664
35963512 -4.40026 1.25904 -0.834622 0 -0.447 -1.64664
35970971 -4.41271 1.26502 -0.835568 0 -0.45 -1.64664
35980477 -4.43082 1.2738 -0.836945 0 -0.458 -1.64464
35985433 -4.43946 1.27807 -0.837583 0 -0.46 -1.64464
35991581 -4.45001 1.28331 -0.838364 0 -0.465 -1.64464
35999220 -4.46384 1.29026 -0.839387 0 -0.468 -1.64364
36005428 -4.47458 1.29571 -0.840171 0 -0.468 -1.64364
36015367 -4.49262 1.30485 -0.841487 0 -0.475 -1.64164
36019038 -4.49938 1.30834 -0.841967 0 -0.477 -1.64164
36026637 -4.51277 1.31528 -0.842917 0 -0.482 -1.64164
36032871 -4.52388 1.3211 -0.843705 0 -0.485 -1.64164
36039712 -4.536 1.32751 -0.844566 0 -0.487999 -1.64064
36046952 -4.54832 1.33406 -0.845427 0 -0.487999 -1.64064
36053726 -4.56065 1.34062 -0.84629 0 -0.492999 -1.64064
36060671 -4.57284 1.34718 -0.847143 0 -0.497 -1.64064
36067586 -4.58502 1.35381 -0.847995 0 -0.501 -1.63964
36074487 -4.59711 1.36045 -0.848829 0 -0.505 -1.63864
36081441 -4.60938 1.36725 -0.849663 0 -0.51 -1.63664
36088623 -4.62149 1.37403 -0.850461 0 -0.518 -1.63464
36098597 -4.63885 1.38395 -0.851571 0 -0.527 -1.63264
36102983 -4.64568 1.38793 -0.851994 0 -0.527 -1.63264
36110692 -4.65881 1.39558 -0.852807 0 -0.533 -1.63164
36116639 -4.66961 1.40196 -0.853465 0 -0.538 -1.63164
36123189 -4.68134 1.40898 -0.85418 0 -0.543 -1.63064
36130637 -4.69347 1.41631 -0.854906 0 -0.548 -1.62964
36137090 -4.70518 1.42347 -0.855596 0 -0.552 -1.62864
36147390 -4.7225 1.43415 -0.856599 0 -0.557999 -1.62664
36151710 -4.7288 1.43809 -0.856951 0 -0.561 -1.62664
36158100 -4.74048 1.44545 -0.857604 0 -0.564 -1.62464
