60
299360999 7.10392 1.41316 -4.24051 0 -100.503 -1.63439
299366596 7.09198 1.41283 -4.24127 0 -100.503 -1.63439
299373643 7.07814 1.41245 -4.24215 0 -100.503 -1.63439
299380561 7.06412 1.41206 -4.24305 0 -100.503 -1.63439
299387445 7.05061 1.41168 -4.24391 0 -100.503 -1.63439
299394342 7.03662 1.4113 -4.2448 0 -100.503 -1.63439
299401422 7.02273 1.41091 -4.24568 0 -100.503 -1.63439
299408295 7.00879 1.41053 -4.24657 0 -100.503 -1.63439
299415490 6.99466 1.41013 -4.24747 0 -100.503 -1.63439
299422121 6.9812 1.40976 -4.24833 0 -100.503 -1.63439
299429734 6.96719 1.40937 -4.24922 0 -100.503 -1.63339
299436065 6.95337 1.40899 -4.25008 0 -100.503 -1.63239
299444274 6.93751 1.40855 -4.25106 0 -100.503 -1.63239
299449995 6.92558 1.40822 -4.2518 0 -100.503 -1.63239
299457171 6.91154 1.40783 -4.25266 0 -100.503 -1.63239
299463780 6.89807 1.40746 -4.25349 0 -100.503 -1.63239
299470861 6.8842 1.40708 -4.25435 0 -100.503 -1.63139
299477663 6.87036 1.40669 -4.25519 0 -100.503 -1.63039
299484979 6.85643 1.40631 -4.25602 0 -100.503 -1.63039
299491587 6.84258 1.40592 -4.25685 0 -100.503 -1.63039
299500764 6.82855 1.40553 -4.25768 0 -100.503 -1.63039
299505532 6.81475 1.40515 -4.25851 0 -100.503 -1.63039
299512798 6.80059 1.40476 -4.25935 0 -100.503 -1.63039
299519509 6.78686 1.40438 -4.26017 0 -100.503 -1.63039
299527787 6.77092 1.40394 -4.26112 0 -100.503 -1.63039
299533499 6.75894 1.40361 -4.26184 0 -100.503 -1.63039
299540503 6.7453 1.40323 -4.26265 0 -100.503 -1.63039
299547545 6.73128 1.40284 -4.26349 0 -100.503 -1.62939
299554501 6.71765 1.40246 -4.26429 0 -100.503 -1.62939
299561519 6.70357 1.40207 -4.26511 0 -100.503 -1.62939
299568393 6.68965 1.40169 -4.26593 0 -100.503 -1.62939
299575330 6.67581 1.4013 -4.26674 0 -100.503 -1.62939
299582196 6.66206 1.40092 -4.26755 0 -100.503 -1.62939
299591774 6.64846 1.40055 -4.26835 0 -100.503 -1.62939
299595888 6.63443 1.40016 -4.26917 0 -100.503 -1.62939
299602928 6.62072 1.39978 -4.26998 0 -100.503 -1.62939
299611174 6.60467 1.39934 -4.27092 0 -100.503 -1.62939
299617057 6.59266 1.399 -4.27162 0 -100.503 -1.62839
299624180 6.57905 1.39863 -4.27241 0 -100.503 -1.62839
299630943 6.56499 1.39824 -4.27322 0 -100.503 -1.62839
299639978 6.55127 1.39786 -4.27401 0 -100.503 -1.62839
299644676 6.53705 1.39746 -4.27483 0 -100.503 -1.62839
299653263 6.5232 1.39708 -4.27563 0 -100.503 -1.62839
299658544 6.50937 1.3967 -4.27642 0 -100.503 -1.62839
299665635 6.49553 1.39631 -4.27722 0 -100.503 -1.62839
299672259 6.48199 1.39594 -4.278 0 -100.503 -1.62839
299679484 6.46795 1.39555 -4.27881 0 -100.503 -1.62839
299686194 6.45419 1.39517 -4.27961 0 -100.503 -1.62839
299694338 6.43826 1.39473 -4.28052 0 -100.503 -1.62839
299700093 6.42644 1.3944 -4.28121 0 -100.503 -1.62839
299708384 6.41262 1.39402 -4.282 0 -100.503 -1.62839
299713931 6.39883 1.39364 -4.2828 0 -100.503 -1.62839
299721051 6.38495 1.39325 -4.2836 0 -100.503 -1.62839
299727940 6.37086 1.39286 -4.28441 0 -100.503 -1.62839
299735046 6.35704 1.39248 -4.28521 0 -100.503 -1.62839
299741767 6.34327 1.3921 -4.286 0 -100.503 -1.62839
299748972 6.32929 1.39171 -4.28681 0 -100.503 -1.62839
299755594 6.31567 1.39133 -4.28759 0 -100.503 -1.62839
299762804 6.30165 1.39095 -4.2884 0 -100.503 -1.62839
299769460 6.28799 1.39057 -4.28919 0 -100.503 -1.62839
