60
109682431 3.68944 5.24339 0.0536254 0 1.022 -7.78457
109689109 3.69673 5.25533 0.0531189 0 1.022 -7.78457
109696269 3.70401 5.26727 0.0526127 0 1.022 -7.78457
109703093 3.71128 5.27919 0.0521069 0 1.022 -7.78457
109710131 3.71846 5.29096 0.0516077 0 1.022 -7.78457
109716988 3.72574 5.3029 0.0511016 0 1.022 -7.78457
109723999 3.7329 5.31464 0.0506035 0 1.022 -7.78457
109730869 3.74019 5.32658 0.050097 0 1.022 -7.78457
109738482 3.74743 5.33846 0.0495933 0 1.022 -7.78457
109744776 3.75467 5.35032 0.0490905 0 1.022 -7.78457
109751766 3.76179 5.362 0.0485949 0 1.022 -7.78457
109758563 3.76901 5.37383 0.0480932 0 1.022 -7.78457
109765888 3.7765 5.38611 0.0475726 0 1.022 -7.78457
109772705 3.78373 5.39797 0.0470695 0 1.022 -7.78457
109781620 3.79087 5.40967 0.0465732 0 1.022 -7.78457
109786514 3.7981 5.42153 0.0460705 0 1.022 -7.78457
109793577 3.80523 5.43321 0.0455749 0 1.022 -7.78457
109800264 3.81242 5.44499 0.0450751 0 1.022 -7.78457
109808964 3.8197 5.45694 0.0445687 0 1.022 -7.78457
109814318 3.82704 5.46897 0.0440583 0 1.022 -7.78457
109821434 3.83431 5.48088 0.0435533 0 1.022 -7.78457
109828016 3.8413 5.49235 0.0430669 0 1.022 -7.78457
109835074 3.84852 5.50417 0.0425653 0 1.022 -7.78457
109841852 3.8557 5.51595 0.0420657 0 1.022 -7.78457
109849029 3.86304 5.52798 0.0415557 0 1.022 -7.78457
109855670 3.87008 5.53953 0.0410658 0 1.022 -7.78457
109863108 3.87768 5.55198 0.0405379 0 1.022 -7.78457
109869748 3.88474 5.56356 0.0400469 0 1.022 -7.78457
109876729 3.89185 5.57522 0.0395522 0 1.022 -7.78457
109883711 3.89927 5.58737 0.0390368 0 1.022 -7.78457
109890600 3.9063 5.59891 0.0385475 0 1.022 -7.78457
109897490 3.91361 5.61089 0.0380394 0 1.022 -7.78457
109904671 3.92093 5.62289 0.0375306 0 1.022 -7.78457
109911401 3.92809 5.63463 0.0370328 0 1.022 -7.78457
109918502 3.93531 5.64646 0.0365309 0 1.022 -7.78457
109925243 3.9425 5.65824 0.0360311 0 1.022 -7.78457
109932377 3.94977 5.67017 0.0355252 0 1.022 -7.78457
109939072 3.95689 5.68184 0.0350303 0 1.022 -7.78457
109946340 3.96431 5.69401 0.0345144 0 1.022 -7.78457
109953104 3.97149 5.70578 0.0340149 0 1.022 -7.78457
109960236 3.97877 5.7177 0.0335094 0 1.022 -7.78457
109967076 3.98604 5.72962 0.033004 0 1.022 -7.78457
109974032 3.9931 5.74121 0.0325127 0 1.022 -7.78457
109981596 4.00043 5.75322 0.0320032 0 1.022 -7.78357
109987987 4.00766 5.76508 0.0314931 0 1.022 -7.78257
109994847 4.01481 5.7768 0.0309814 0 1.022 -7.78257
110002304 4.02197 5.78854 0.0304693 0 1.022 -7.78257
110008764 4.02942 5.80076 0.0299363 0 1.022 -7.78257
110016057 4.03661 5.81253 0.0294225 0 1.022 -7.78157
110022400 4.04361 5.82402 0.0289142 0 1.022 -7.78057
110030962 4.05103 5.83619 0.0283683 0 1.022 -7.77857
110036416 4.05819 5.84794 0.0278274 0 1.022 -7.77657
110044134 4.06547 5.85988 0.0272626 0 1.022 -7.77657
110050766 4.07252 5.87144 0.0267161 0 1.022 -7.77557
110058883 4.0797 5.88321 0.026152 0 1.022 -7.77557
110064038 4.08693 5.89508 0.0255838 0 1.022 -7.77557
110071179 4.09424 5.90707 0.0250095 0 1.022 -7.77557
110078012 4.10146 5.91892 0.0244418 0 1.022 -7.77557
110085395 4.10889 5.9311 0.0238582 0 1.023 -7.77457
110092425 4.11602 5.94282 0.023291 0 1.023 -7.77257
