60
341859313 -0.54131 14.0198 -0.187099 0 -99.3033 -6.2704
341866310 -0.555374 14.0198 -0.186919 0 -99.3033 -6.2704
341873012 -0.569161 14.0198 -0.186743 0 -99.3033 -6.2704
341880155 -0.583062 14.0198 -0.186565 0 -99.3033 -6.2704
341886823 -0.596779 14.0198 -0.18639 0 -99.3033 -6.2704
341894758 -0.610918 14.0198 -0.186209 0 -99.3033 -6.2704
341900775 -0.624683 14.0198 -0.186033 0 -99.3033 -6.2704
341907861 -0.638508 14.0198 -0.185856 0 -99.3033 -6.2704
341914735 -0.652596 14.0198 -0.185676 0 -99.3033 -6.2704
341921784 -0.666305 14.0198 -0.185501 0 -99.3033 -6.2704
341928690 -0.680506 14.0198 -0.185319 0 -99.3033 -6.2704
341936857 -0.694273 14.0198 -0.185143 0 -99.3033 -6.2704
341942504 -0.708132 14.0198 -0.184966 0 -99.3033 -6.2704
341949668 -0.722075 14.0198 -0.184788 0 -99.3033 -6.2704
341956427 -0.73597 14.0198 -0.18461 0 -99.3033 -6.2704
341963760 -0.750238 14.0198 -0.184428 0 -99.3033 -6.2704
341970239 -0.763593 14.0198 -0.184257 0 -99.3033 -6.2704
341977641 -0.777912 14.0198 -0.184074 0 -99.3033 -6.2704
341984034 -0.791185 14.0198 -0.183905 0 -99.3033 -6.2704
341990949 -0.804798 14.0198 -0.183731 0 -99.3033 -6.2704
341997801 -0.818723 14.0198 -0.183553 0 -99.3033 -6.2704
342005310 -0.832828 14.0198 -0.183372 0 -99.3033 -6.2704
342011756 -0.846631 14.0198 -0.183196 0 -99.3033 -6.2704
342018907 -0.860715 14.0198 -0.183016 0 -99.3033 -6.2704
342025580 -0.874276 14.0198 -0.182842 0 -99.3033 -6.2704
342033057 -0.888411 14.0198 -0.182662 0 -99.3033 -6.2704
342039528 -0.902168 14.0198 -0.182486 0 -99.3033 -6.2704
342047777 -0.916069 14.0198 -0.182308 0 -99.3033 -6.2704
342053470 -0.930056 14.0198 -0.182129 0 -99.3033 -6.2704
342060468 -0.943839 14.0198 -0.181953 0 -99.3033 -6.2704
342067261 -0.957633 14.0198 -0.181777 0 -99.3033 -6.2704
342074259 -0.971404 14.0198 -0.181601 0 -99.3033 -6.2704
342081157 -0.985421 14.0198 -0.181422 0 -99.3033 -6.2704
342088149 -0.999176 14.0198 -0.181246 0 -99.3033 -6.2704
342095047 -1.0132 14.0198 -0.181067 0 -99.3033 -6.2704
342102103 -1.02709 14.0198 -0.180889 0 -99.3033 -6.2704
342108932 -1.04097 14.0198 -0.180712 0 -99.3033 -6.2704
342116014 -1.0549 14.0198 -0.180533 0 -99.3033 -6.2704
342122807 -1.06872 14.0198 -0.180357 0 -99.3033 -6.2704
342130265 -1.08307 14.0198 -0.180173 0 -99.3033 -6.2704
342136803 -1.0967 14.0198 -0.179999 0 -99.3033 -6.2704
342143690 -1.11027 14.0198 -0.179826 0 -99.3033 -6.2704
342150605 -1.12431 14.0198 -0.179646 0 -99.3033 -6.2704
342157900 -1.13815 14.0198 -0.179469 0 -99.3033 -6.2704
342164830 -1.15275 14.0198 -0.179283 0 -99.3033 -6.2704
342172499 -1.16589 14.0198 -0.179115 0 -99.3033 -6.2704
342178402 -1.17989 14.0198 -0.178936 0 -99.3033 -6.2704
342185639 -1.19413 14.0198 -0.178754 0 -99.3033 -6.2704
342192420 -1.20793 14.0198 -0.178577 0 -99.3033 -6.2704
342200255 -1.22159 14.0198 -0.178403 0 -99.3033 -6.2704
342206436 -1.23533 14.0198 -0.178227 0 -99.3053 -6.2694
342213255 -1.24913 14.0198 -0.178037 0 -99.3083 -6.2704
342220253 -1.26303 14.0198 -0.177859 0 -99.3113 -6.2714
342227066 -1.27699 14.0198 -0.177695 0 -99.3143 -6.2724
342234059 -1.29097 14.0198 -0.177544 0 -99.3163 -6.2744
342241079 -1.30469 14.0198 -0.177423 0 -99.3183 -6.2764
342247966 -1.31879 14.0198 -0.177328 0 -99.3213 -6.2774
342254967 -1.33254 14.0198 -0.177248 0 -99.3223 -6.2784
342262129 -1.34651 14.0198 -0.177181 0 -99.3243 -6.2804
342268880 -1.36041 14.0198 -0.177143 0 -99.3273 -6.2824
