60
203090475 3.72036 1.18096 -2.29042 0 0.103007 -10.9555
203097550 3.73422 1.17952 -2.29097 0 0.103007 -10.9555
203104349 3.7482 1.17807 -2.29153 0 0.103007 -10.9555
203111354 3.76191 1.17666 -2.29208 0 0.103007 -10.9555
203118086 3.77551 1.17525 -2.29263 0 0.103007 -10.9555
203125348 3.78973 1.17378 -2.2932 0 0.103007 -10.9555
203132333 3.80383 1.17232 -2.29377 0 0.103007 -10.9555
203139064 3.81697 1.17096 -2.29429 0 0.103007 -10.9555
203145949 3.8309 1.16952 -2.29485 0 0.103007 -10.9555
203153224 3.84496 1.16806 -2.29542 0 0.103007 -10.9555
203159795 3.85843 1.16667 -2.29596 0 0.103007 -10.9555
203166947 3.87217 1.16525 -2.29651 0 0.103007 -10.9555
203173564 3.88579 1.16384 -2.29705 0 0.103007 -10.9555
203180562 3.89949 1.16242 -2.2976 0 0.103007 -10.9555
203187367 3.91324 1.161 -2.29816 0 0.103007 -10.9555
203194472 3.92715 1.15956 -2.29871 0 0.103007 -10.9555
203201409 3.94115 1.15811 -2.29927 0 0.103007 -10.9555
203208482 3.95496 1.15668 -2.29983 0 0.103007 -10.9555
203215388 3.96893 1.15524 -2.30039 0 0.103007 -10.9555
203222264 3.98238 1.15385 -2.30093 0 0.103007 -10.9555
203229152 3.9963 1.15241 -2.30149 0 0.103007 -10.9555
203236218 4.01013 1.15098 -2.30204 0 0.103007 -10.9555
203243140 4.0241 1.14953 -2.3026 0 0.103007 -10.9555
203250132 4.03778 1.14812 -2.30315 0 0.103007 -10.9555
203257108 4.0516 1.14669 -2.30371 0 0.101007 -10.9555
203264662 4.06593 1.14523 -2.30428 0 0.101007 -10.9545
203271433 4.07958 1.14385 -2.30484 0 0.101007 -10.9545
203278210 4.09336 1.14245 -2.30541 0 0.101007 -10.9545
203285323 4.10752 1.14101 -2.30599 0 0.100007 -10.9545
203295436 4.12123 1.13964 -2.30655 0 0.100007 -10.9545
203298897 4.13495 1.13826 -2.30712 0 0.100007 -10.9545
203305921 4.14857 1.13689 -2.30768 0 0.100007 -10.9545
203312835 4.16265 1.13548 -2.30826 0 0.100007 -10.9545
203319745 4.17606 1.13413 -2.30881 0 0.100007 -10.9545
203328159 4.19271 1.13246 -2.30949 0 0.0990074 -10.9545
203333840 4.20442 1.13129 -2.30998 0 0.0980074 -10.9545
203340744 4.21765 1.12999 -2.31052 0 0.0980074 -10.9545
203347461 4.23151 1.12863 -2.31109 0 0.0980074 -10.9545
203354805 4.24524 1.12728 -2.31165 0 0.0980074 -10.9545
203361476 4.25938 1.12589 -2.31224 0 0.0980074 -10.9545
203368848 4.27331 1.12452 -2.31281 0 0.0980074 -10.9545
203375699 4.28766 1.1231 -2.3134 0 0.0980074 -10.9545
203382256 4.30043 1.12185 -2.31392 0 0.0980074 -10.9545
203388994 4.31411 1.1205 -2.31449 0 0.0980074 -10.9545
203396034 4.32789 1.11914 -2.31505 0 0.0980074 -10.9545
203402858 4.34169 1.11779 -2.31562 0 0.0980074 -10.9545
203409751 4.35518 1.11646 -2.31617 0 0.0980074 -10.9545
203416731 4.36928 1.11507 -2.31675 0 0.0980074 -10.9545
203424042 4.38296 1.11372 -2.31732 0 0.0980074 -10.9545
203430540 4.39674 1.11237 -2.31788 0 0.0980074 -10.9545
203437788 4.41058 1.11101 -2.31845 0 0.0980074 -10.9545
203444739 4.42497 1.10959 -2.31904 0 0.0980074 -10.9545
203451922 4.43891 1.10822 -2.31962 0 0.0980074 -10.9545
203458711 4.45276 1.10686 -2.32019 0 0.0980074 -10.9545
203465895 4.46662 1.10549 -2.32076 0 0.0990074 -10.9545
203472868 4.48009 1.10415 -2.32131 0 0.100007 -10.9545
203482935 4.49398 1.10276 -2.32188 0 0.100007 -10.9555
203486309 4.50764 1.10139 -2.32243 0 0.100007 -10.9565
203494896 4.52417 1.09973 -2.32308 0 0.100007 -10.9565
203500266 4.53539 1.0986 -2.32352 0 0.100007 -10.9565
