60
157796020 -2.49419 3.87919 -1.01102 0 0.723999 -12.0615
157799698 -2.49419 3.87919 -1.01102 0 0.723999 -12.0615
157806839 -2.49419 3.87919 -1.01102 0 0.723999 -12.0615
157813494 -2.49419 3.87919 -1.01102 0 0.723999 -12.0615
157821022 -2.49419 3.87919 -1.01102 0 0.723999 -12.0615
157827205 -2.49419 3.87919 -1.01102 0 0.723999 -12.0615
157834424 -2.49419 3.87919 -1.01102 0 0.723999 -12.0615
157841189 -2.49419 3.87919 -1.01102 0 0.723999 -12.0615
157848162 -2.49419 3.87919 -1.01102 0 0.723999 -12.0615
157854927 -2.49419 3.87919 -1.01102 0 0.723999 -12.0615
157862320 -2.49419 3.87919 -1.01102 0 0.723999 -12.0615
157868870 -2.49419 3.87919 -1.01102 0 0.723999 -12.0615
157875959 -2.49419 3.87919 -1.01102 0 0.723999 -12.0615
157882711 -2.49419 3.87919 -1.01102 0 0.723999 -12.0615
157889758 -2.49419 3.87919 -1.01102 0 0.723999 -12.0615
157896666 -2.49419 3.87919 -1.01102 0 0.723999 -12.0615
157904600 -2.49419 3.87919 -1.01102 0 0.723999 -12.0615
157910495 -2.49419 3.87919 -1.01102 0 0.723999 -12.0615
157917671 -2.49419 3.87919 -1.01102 0 0.723999 -12.0615
157924345 -2.49419 3.87919 -1.01102 0 0.723999 -12.0615
157931798 -2.49419 3.87919 -1.01102 0 0.723999 -12.0615
157938471 -2.49419 3.87919 -1.01102 0 0.723999 -12.0615
157946029 -2.49419 3.87919 -1.01102 0 0.723999 -12.0615
157952408 -2.49419 3.87919 -1.01102 0 0.723999 -12.0615
157959456 -2.49419 3.87919 -1.01102 0 0.723999 -12.0615
157966317 -2.49419 3.87919 -1.01102 0 0.723999 -12.0615
157973452 -2.49419 3.87919 -1.01102 0 0.723999 -12.0615
157980276 -2.49419 3.87919 -1.01102 0 0.723999 -12.0615
157987357 -2.49419 3.87919 -1.01102 0 0.723999 -12.0615
157994254 -2.49419 3.87919 -1.01102 0 0.723999 -12.0615
158001383 -2.49419 3.87919 -1.01102 0 0.723999 -12.0615
158008059 -2.49419 3.87919 -1.01102 0 0.723999 -12.0615
158017080 -2.49419 3.87919 -1.01102 0 0.723999 -12.0615
158021805 -2.49419 3.87919 -1.01102 0 0.723999 -12.0615
158029742 -2.49419 3.87919 -1.01102 0 0.723999 -12.0615
158035667 -2.49419 3.87919 -1.01102 0 0.723999 -12.0615
158050324 -2.49419 3.87919 -1.01102 0 0.723999 -12.0615
158056765 -2.49419 3.87919 -1.01102 0 0.723999 -12.0615
158063861 -2.49419 3.87919 -1.01102 0 0.723999 -12.0615
158070450 -2.49419 3.87919 -1.01102 0 0.723999 -12.0615
158078130 -2.49419 3.87919 -1.01102 0 0.723999 -12.0615
158084413 -2.49419 3.87919 -1.01102 0 0.723999 -12.0615
158091425 -2.49419 3.87919 -1.01102 0 0.723999 -12.0615
158098245 -2.49419 3.87919 -1.01102 0 0.723999 -12.0615
158105320 -2.49419 3.87919 -1.01102 0 0.723999 -12.0615
158112468 -2.49419 3.87919 -1.01102 0 0.723999 -12.0615
158119286 -2.49419 3.87919 -1.01102 0 0.723999 -12.0615
158125984 -2.49419 3.87919 -1.01102 0 0.723999 -12.0615
158133334 -2.49419 3.87919 -1.01102 0 0.723999 -12.0615
158139840 -2.49419 3.87919 -1.01102 0 0.723999 -12.0615
158147215 -2.49419 3.87919 -1.01102 0 0.723999 -12.0615
158153912 -2.49419 3.87919 -1.01102 0 0.723999 -12.0615
158160938 -2.49419 3.87919 -1.01102 0 0.723999 -12.0615
158167542 -2.49419 3.87919 -1.01102 0 0.723999 -12.0615
158174969 -2.49419 3.87919 -1.01102 0 0.723999 -12.0615
158181379 -2.49419 3.87919 -1.01102 0 0.723999 -12.0615
158188484 -2.49419 3.87919 -1.01102 0 0.723999 -12.0615
158196059 -2.49419 3.87919 -1.01102 0 0.723999 -12.0615
158202293 -2.49419 3.87919 -1.01102 0 0.723999 -12.0615
158209394 -2.49419 3.87919 -1.01102 0 0.723999 -12.0615
