60
487475362 -1.26756 2.47405 -1.08085 0 -100.217 -13.0924
487482872 -1.26756 2.47405 -1.08085 0 -100.221 -13.1044
487488543 -1.26756 2.47405 -1.08085 0 -100.24 -13.1694
487495650 -1.26756 2.47405 -1.08085 0 -100.261 -13.2374
487503265 -1.26756 2.47405 -1.08085 0 -100.261 -13.2374
487510070 -1.26756 2.47405 -1.08085 0 -100.261 -13.2374
487518227 -1.26756 2.47405 -1.08085 0 -100.264 -13.2484
487524408 -1.26756 2.47405 -1.08085 0 -100.264 -13.2484
487531972 -1.26756 2.47405 -1.08085 0 -100.287 -13.3174
487537285 -1.26756 2.47405 -1.08085 0 -100.301 -13.3564
487544364 -1.26756 2.47405 -1.08085 0 -100.32 -13.4174
487551206 -1.26756 2.47405 -1.08085 0 -100.339 -13.4724
487559849 -1.26756 2.47405 -1.08085 0 -100.361 -13.5324
487565919 -1.26756 2.47405 -1.08085 0 -100.363 -13.5364
487571881 -1.26756 2.47405 -1.08085 0 -100.375 -13.5694
487580215 -1.26756 2.47405 -1.08085 0 -100.394 -13.6134
487585815 -1.26756 2.47405 -1.08085 0 -100.403 -13.6334
487592783 -1.26756 2.47405 -1.08085 0 -100.414 -13.6604
487599790 -1.26756 2.47405 -1.08085 0 -100.424 -13.6804
487606730 -1.26756 2.47405 -1.08085 0 -100.433 -13.6974
487613718 -1.26756 2.47405 -1.08085 0 -100.443 -13.7174
487620554 -1.26756 2.47405 -1.08085 0 -100.45 -13.7344
487627551 -1.26756 2.47405 -1.08085 0 -100.458 -13.7524
487634982 -1.26756 2.47405 -1.08085 0 -100.458 -13.7524
487642014 -1.26756 2.47405 -1.08085 0 -100.458 -13.7524
487648401 -1.26756 2.47405 -1.08085 0 -100.466 -13.7684
487655199 -1.26756 2.47405 -1.08085 0 -100.48 -13.8014
487662235 -1.26756 2.47405 -1.08085 0 -100.487 -13.8224
487669189 -1.26756 2.47405 -1.08085 0 -100.492 -13.8364
487676199 -1.26756 2.47405 -1.08085 0 -100.496 -13.8494
487683108 -1.26756 2.47405 -1.08085 0 -100.5 -13.8624
487689975 -1.26756 2.47405 -1.08085 0 -100.504 -13.8704
487697176 -1.26756 2.47405 -1.08085 0 -100.507 -13.8804
487705781 -1.26756 2.47405 -1.08085 0 -100.507 -13.8824
487710967 -1.26756 2.47405 -1.08085 0 -100.509 -13.8874
487717878 -1.26756 2.47405 -1.08085 0 -100.512 -13.8964
487724877 -1.26756 2.47405 -1.08085 0 -100.513 -13.9004
487732233 -1.26756 2.47405 -1.08085 0 -100.514 -13.9044
487738803 -1.26756 2.47405 -1.08085 0 -100.516 -13.9064
487747374 -1.26756 2.47405 -1.08085 0 -100.516 -13.9094
487753361 -1.26756 2.47405 -1.08085 0 -100.518 -13.9124
487759466 -1.26756 2.47405 -1.08085 0 -100.52 -13.9154
487767275 -1.26756 2.47405 -1.08085 0 -100.52 -13.9174
487773772 -1.26756 2.47405 -1.08085 0 -100.521 -13.9194
487780934 -1.26756 2.47405 -1.08085 0 -100.522 -13.9214
487787152 -1.26756 2.47405 -1.08085 0 -100.522 -13.9234
487794458 -1.26756 2.47405 -1.08085 0 -100.524 -13.9284
487802068 -1.26756 2.47405 -1.08085 0 -100.524 -13.9284
487808631 -1.26756 2.47405 -1.08085 0 -100.526 -13.9344
487815470 -1.26756 2.47405 -1.08085 0 -100.529 -13.9404
487822114 -1.26756 2.47405 -1.08085 0 -100.532 -13.9504
487829291 -1.26756 2.47405 -1.08085 0 -100.535 -13.9584
487836180 -1.26756 2.47405 -1.08085 0 -100.538 -13.9654
487843206 -1.26756 2.47405 -1.08085 0 -100.541 -13.9714
487850099 -1.26756 2.47405 -1.08085 0 -100.543 -13.9754
487857064 -1.26756 2.47405 -1.08085 0 -100.545 -13.9784
487864213 -1.26756 2.47405 -1.08085 0 -100.546 -13.9814
487870926 -1.26756 2.47405 -1.08085 0 -100.548 -13.9834
487877885 -1.26756 2.47405 -1.08085 0 -100.548 -13.9844
487884765 -1.26756 2.47405 -1.08085 0 -100.549 -13.9844
