60
527503376 -3.51036 2.40318 -1.41358 0 -100.309 -12.2313
527508765 -3.51036 2.40318 -1.41358 0 -100.306 -12.2603
527515817 -3.51036 2.40318 -1.41358 0 -100.304 -12.2933
527522726 -3.51036 2.40318 -1.41358 0 -100.304 -12.3193
527529726 -3.51036 2.40318 -1.41358 0 -100.304 -12.3413
527536527 -3.51036 2.40318 -1.41358 0 -100.303 -12.3573
527543788 -3.51036 2.40318 -1.41358 0 -100.3 -12.3683
527551729 -3.51036 2.40318 -1.41358 0 -100.3 -12.3693
527557307 -3.51036 2.40318 -1.41358 0 -100.3 -12.3703
527564504 -3.51036 2.40318 -1.41358 0 -100.3 -12.3703
527571136 -3.51036 2.40318 -1.41358 0 -100.3 -12.3703
527578479 -3.51036 2.40318 -1.41358 0 -100.3 -12.3683
527586239 -3.51036 2.40318 -1.41358 0 -100.3 -12.3683
527592280 -3.51036 2.40318 -1.41358 0 -100.3 -12.3593
527599240 -3.51036 2.40318 -1.41358 0 -100.3 -12.3443
527606135 -3.51036 2.40318 -1.41358 0 -100.3 -12.3273
527613303 -3.51036 2.40318 -1.41358 0 -100.3 -12.2993
527620169 -3.51036 2.40318 -1.41358 0 -100.3 -12.2663
527627148 -3.51036 2.40318 -1.41358 0 -100.3 -12.2253
527634004 -3.51036 2.40318 -1.41358 0 -100.302 -12.1683
527640912 -3.51036 2.40318 -1.41358 0 -100.301 -12.1133
527648085 -3.51036 2.40318 -1.41358 0 -100.3 -12.0393
527654691 -3.51036 2.40318 -1.41358 0 -100.297 -11.9653
527661719 -3.51036 2.40318 -1.41358 0 -100.297 -11.8933
527669639 -3.51036 2.40318 -1.41358 0 -100.296 -11.7943
527676624 -3.51036 2.40318 -1.41358 0 -100.295 -11.7093
527685103 -3.51036 2.40318 -1.41358 0 -100.295 -11.6993
527689469 -3.51036 2.40318 -1.41358 0 -100.295 -11.6513
527697604 -3.51036 2.40318 -1.41358 0 -100.296 -11.6423
527705172 -3.51036 2.40318 -1.41358 0 -100.302 -11.5733
527710685 -3.51036 2.40318 -1.41358 0 -100.302 -11.5733
527717238 -3.51036 2.40318 -1.41358 0 -100.305 -11.5233
527724293 -3.51036 2.40318 -1.41358 0 -100.308 -11.4863
527731272 -3.51036 2.40318 -1.41358 0 -100.311 -11.4613
527737991 -3.51036 2.40318 -1.41358 0 -100.314 -11.4433
527745953 -3.51036 2.40318 -1.41358 0 -100.315 -11.4343
527751836 -3.51036 2.40318 -1.41358 0 -100.315 -11.4323
527759002 -3.51036 2.40318 -1.41358 0 -100.315 -11.4313
527765990 -3.51036 2.40318 -1.41358 0 -100.315 -11.4313
527772793 -3.51036 2.40318 -1.41358 0 -100.315 -11.4313
527779621 -3.51036 2.40318 -1.41358 0 -100.315 -11.4323
527786728 -3.51036 2.40318 -1.41358 0 -100.315 -11.4343
527793694 -3.51036 2.40318 -1.41358 0 -100.316 -11.4373
527800849 -3.51036 2.40318 -1.41358 0 -100.317 -11.4413
527809991 -3.51036 2.40318 -1.41358 0 -100.317 -11.4423
527814295 -3.51036 2.40318 -1.41358 0 -100.319 -11.4463
527821363 -3.51036 2.40318 -1.41358 0 -100.323 -11.4543
527828400 -3.51036 2.40318 -1.41358 0 -100.33 -11.4613
527835348 -3.51036 2.40318 -1.41358 0 -100.341 -11.4713
527842302 -3.51036 2.40318 -1.41358 0 -100.355 -11.4803
527850018 -3.51036 2.40318 -1.41358 0 -100.355 -11.4803
527856995 -3.51036 2.40318 -1.41358 0 -100.381 -11.4933
527863145 -3.51036 2.40318 -1.41358 0 -100.403 -11.5023
527871521 -3.51036 2.40318 -1.41358 0 -100.409 -11.5043
527876982 -3.51036 2.40318 -1.41358 0 -100.427 -11.5123
527885000 -3.51036 2.40318 -1.41358 0 -100.453 -11.5213
527890925 -3.51036 2.40318 -1.41358 0 -100.474 -11.5273
527897903 -3.51036 2.40318 -1.41358 0 -100.493 -11.5323
527904632 -3.51036 2.40318 -1.41358 0 -100.51 -11.5363
527911661 -3.51036 2.40318 -1.41358 0 -100.53 -11.5403
