60
37378433 -7.84485 2.78505 -3.40094 0 0.543 -3.24664
37391104 -7.83907 2.75175 -3.45581 0 0.553 -3.24564
37397513 -7.83785 2.74451 -3.46747 0 0.563 -3.24464
37405797 -7.83651 2.73627 -3.48047 0 0.563 -3.24464
37418534 -7.83432 2.72285 -3.50161 0 0.563 -3.24464
37435045 -7.83137 2.70475 -3.53014 0 0.563 -3.24464
37451389 -7.82851 2.68723 -3.55776 0 0.563 -3.24464
37470250 -7.82556 2.66911 -3.58631 0 0.563 -3.24464
37485310 -7.82262 2.65109 -3.6147 0 0.563 -3.24464
37502481 -7.81965 2.63285 -3.64345 0 0.563 -3.24464
37518048 -7.81692 2.61608 -3.66989 0 0.563 -3.24464
37535511 -7.81399 2.5981 -3.69822 0 0.563 -3.24464
37551807 -7.81113 2.58054 -3.7259 0 0.563 -3.24464
37568451 -7.80821 2.56268 -3.75405 0 0.563 -3.24464
37585474 -7.8052 2.54418 -3.78321 0 0.563 -3.24464
37601351 -7.80243 2.52716 -3.81002 0 0.563 -3.24464
37618454 -7.79957 2.50966 -3.83762 0 0.563 -3.24464
37634526 -7.79665 2.49175 -3.86584 0 0.563 -3.24464
37651419 -7.79375 2.47393 -3.89392 0 0.563 -3.24464
37668422 -7.79076 2.45555 -3.92288 0 0.563 -3.24464
37684638 -7.78794 2.43825 -3.95015 0 0.563 -3.24464
37701673 -7.78502 2.42033 -3.97839 0 0.562 -3.27364
37720818 -7.78134 2.40274 -4.00608 0 0.561 -3.27564
37741633 -7.77755 2.38494 -4.03416 0 0.561 -3.27764
37760686 -7.77372 2.36719 -4.06215 0 0.561 -3.28164
37773442 -7.76857 2.34401 -4.09867 0 0.554 -3.31964
37784609 -7.76513 2.33199 -4.11781 0 0.546 -3.35364
37801888 -7.75904 2.31442 -4.14607 0 0.532 -3.40664
37825610 -7.75164 2.29779 -4.17334 0 0.53 -3.40964
37842320 -7.74383 2.2805 -4.20179 0 0.528 -3.41364
37852525 -7.73609 2.2637 -4.22954 0 0.51 -3.46064
37870294 -7.72702 2.24754 -4.25697 0 0.508 -3.46364
37885045 -7.71798 2.23162 -4.28409 0 0.487 -3.49864
37901470 -7.70766 2.21599 -4.31176 0 0.467 -3.52764
37925012 -7.69609 2.2005 -4.3402 0 0.466 -3.52864
37946795 -7.68509 2.18584 -4.3672 0 0.466 -3.52864
37957051 -7.67112 2.16723 -4.40146 0 0.462 -3.54364
37970487 -7.66228 2.15597 -4.42227 0 0.462 -3.54464
37990612 -7.6506 2.14115 -4.44966 0 0.46 -3.54764
38001652 -7.63883 2.12638 -4.47704 0 0.456 -3.56164
38019200 -7.62637 2.1114 -4.50493 0 0.449 -3.59064
38037667 -7.61369 2.09732 -4.53125 0 0.449 -3.59164
38051899 -7.60035 2.08255 -4.55885 0 0.444 -3.60764
38068816 -7.5873 2.06874 -4.58479 0 0.433 -3.64364
38106172 -7.57263 2.05465 -4.61152 0 0.433 -3.64564
38128898 -7.54755 2.03064 -4.657 0 0.432 -3.64864
38147505 -7.51865 2.00319 -4.70903 0 0.418 -3.68864
38163926 -7.50187 1.98887 -4.73658 0 0.403 -3.72964
38178450 -7.48696 1.97741 -4.75894 0 0.39 -3.76964
38195635 -7.46976 1.96538 -4.78263 0 0.39 -3.77264
38213069 -7.44992 1.95156 -4.80977 0 0.365 -3.84864
38227891 -7.43126 1.94058 -4.83161 0 0.344 -3.91264
38238957 -7.41765 1.93358 -4.84562 0 0.304 -4.02564
38247568 -7.4047 1.92833 -4.85624 0 0.296 -4.05164
38256623 -7.38995 1.92263 -4.86771 0 0.283 -4.08464
38273086 -7.37253 1.91637 -4.88035 0 0.283 -4.08764
38284994 -7.34655 1.90706 -4.89909 0 0.275 -4.11264
38306615 -7.32004 1.898 -4.91721 0 0.274 -4.11464
38317836 -7.29347 1.88896 -4.9353 0 0.267 -4.13064
38338793 -7.26529 1.87974 -4.95383 0 0.267 -4.13164
