60
24642375 1.6596 2.59903 -0.89361 0 0.391 -1.50563
24648984 1.67244 2.61825 -0.894448 0 0.392 -1.50563
24656055 1.6853 2.63753 -0.895287 0 0.393 -1.50563
24662755 1.69797 2.65653 -0.896114 0 0.394 -1.50463
24669875 1.71082 2.67584 -0.896965 0 0.396 -1.50463
24676885 1.72354 2.69497 -0.897808 0 0.396 -1.50363
24684758 1.73662 2.71467 -0.898688 0 0.396 -1.50363
24690493 1.74924 2.73367 -0.899537 0 0.396 -1.50363
24697862 1.76212 2.75306 -0.900403 0 0.397 -1.50263
24704872 1.77497 2.77243 -0.901281 0 0.398 -1.50263
24711736 1.78769 2.79161 -0.902149 0 0.399 -1.50163
24718556 1.8005 2.81096 -0.903036 0 0.401 -1.50163
24725575 1.81322 2.83022 -0.903918 0 0.403 -1.50063
24732413 1.82583 2.84935 -0.904804 0 0.404 -1.49963
24739573 1.83899 2.86934 -0.905742 0 0.405 -1.49963
24747623 1.85161 2.88853 -0.906641 0 0.407 -1.49963
24753870 1.86446 2.89408 -0.907557 0 0.407 -1.49963
24760779 1.87693 2.89947 -0.908446 0 0.408 -1.49963
24767278 1.88967 2.905 -0.909354 0 0.409 -1.49963
24774086 1.90249 2.91056 -0.910268 0 0.409 -1.49963
24780970 1.91487 2.91594 -0.911151 0 0.409 -1.49963
24788713 1.928 2.92165 -0.912087 0 0.409 -1.49963
24794724 1.94044 2.92705 -0.912973 0 0.409 -1.49963
24802464 1.95309 2.94638 -0.913875 0 0.41 -1.49963
24808534 1.96572 2.96569 -0.914775 0 0.411 -1.49963
24816058 1.9786 2.9854 -0.915693 0 0.412 -1.49863
24822501 1.99125 3.00478 -0.916608 0 0.413 -1.49763
24829991 2.0038 3.02403 -0.917527 0 0.414 -1.49663
24836511 2.01662 3.04373 -0.91848 0 0.415 -1.49663
24843352 2.02908 3.06289 -0.919406 0 0.415 -1.49663
24850800 2.04192 3.08263 -0.92036 0 0.415 -1.49663
24857283 2.05432 3.1017 -0.921281 0 0.416 -1.49663
24864466 2.06723 3.12157 -0.922241 0 0.417 -1.49663
24871207 2.07997 3.1412 -0.923187 0 0.417 -1.49663
24878932 2.09259 3.16065 -0.924125 0 0.419 -1.49663
24884966 2.10523 3.18016 -0.925064 0 0.421 -1.49663
24892317 2.11787 3.19973 -0.926003 0 0.421 -1.49663
24898934 2.13065 3.21951 -0.926952 0 0.421 -1.49663
24906320 2.14333 3.23914 -0.927895 0 0.421 -1.49663
24912764 2.15583 3.25848 -0.928823 0 0.421 -1.49663
24919829 2.16845 3.27802 -0.929761 0 0.422 -1.49663
24926834 2.18108 3.29758 -0.9307 0 0.423 -1.49663
24934878 2.19398 3.31759 -0.931658 0 0.423 -1.49663
24940736 2.20643 3.3369 -0.932583 0 0.423 -1.49563
24948771 2.21892 3.35628 -0.933524 0 0.423 -1.49563
24955270 2.23204 3.37663 -0.934512 0 0.424 -1.49563
24961488 2.24445 3.3959 -0.935446 0 0.425 -1.49563
24969158 2.25716 3.41566 -0.936403 0 0.425 -1.49563
24975358 2.26965 3.43508 -0.937344 0 0.425 -1.49563
24982892 2.28203 3.45432 -0.938276 0 0.426 -1.49563
24989175 2.29475 3.47412 -0.939234 0 0.427 -1.49563
24996504 2.30732 3.4937 -0.94018 0 0.427 -1.49563
25003200 2.3202 3.51378 -0.941151 0 0.427 -1.49563
25012304 2.33325 3.5341 -0.942133 0 0.428 -1.49563
25017107 2.34544 3.55312 -0.943051 0 0.429 -1.49563
25024254 2.35781 3.57243 -0.943983 0 0.429 -1.49563
25033407 2.37061 3.59242 -0.944947 0 0.43 -1.49563
25037930 2.38321 3.61211 -0.945895 0 0.431 -1.49563
25045634 2.39576 3.63175 -0.94684 0 0.432 -1.49563
25051839 2.4084 3.65156 -0.947792 0 0.432999 -1.49563
