60
396816671 -4.27715 0.633447 -1.70979 0 -100.557 -6.34841
396823262 -4.27715 0.633447 -1.70979 0 -100.557 -6.34841
396830445 -4.27715 0.633447 -1.70979 0 -100.557 -6.34841
396837265 -4.27715 0.633447 -1.70979 0 -100.557 -6.34841
396844340 -4.27715 0.633447 -1.70979 0 -100.557 -6.34841
396851219 -4.27715 0.633447 -1.70979 0 -100.557 -6.34841
396860178 -4.27715 0.633447 -1.70979 0 -100.557 -6.34841
396865152 -4.27715 0.633447 -1.70979 0 -100.557 -6.34841
396872233 -4.27715 0.633447 -1.70979 0 -100.557 -6.34841
396878867 -4.27715 0.633447 -1.70979 0 -100.557 -6.34841
396886982 -4.27715 0.633447 -1.70979 0 -100.557 -6.34841
396892817 -4.27715 0.633447 -1.70979 0 -100.557 -6.34841
396900134 -4.27715 0.633447 -1.70979 0 -100.557 -6.34841
396906445 -4.27715 0.633447 -1.70979 0 -100.557 -6.34841
396913905 -4.27715 0.633447 -1.70979 0 -100.557 -6.34841
396920427 -4.27715 0.633447 -1.70979 0 -100.557 -6.34841
396927553 -4.27715 0.633447 -1.70979 0 -100.557 -6.34841
396934411 -4.27715 0.633447 -1.70979 0 -100.557 -6.34841
396941824 -4.27715 0.633447 -1.70979 0 -100.557 -6.34841
396948487 -4.27715 0.633447 -1.70979 0 -100.557 -6.34841
396955639 -4.27715 0.633447 -1.70979 0 -100.557 -6.34841
396962412 -4.27715 0.633447 -1.70979 0 -100.557 -6.34841
396970729 -4.27715 0.633447 -1.70979 0 -100.557 -6.34841
396976592 -4.27715 0.633447 -1.70979 0 -100.557 -6.34841
396983513 -4.27715 0.633447 -1.70979 0 -100.557 -6.34841
396990169 -4.27715 0.633447 -1.70979 0 -100.557 -6.34841
396997330 -4.27715 0.633447 -1.70979 0 -100.557 -6.34841
397003914 -4.27715 0.633447 -1.70979 0 -100.557 -6.34841
397011303 -4.27715 0.633447 -1.70979 0 -100.557 -6.34841
397017837 -4.27715 0.633447 -1.70979 0 -100.557 -6.34841
397026890 -4.27715 0.633447 -1.70979 0 -100.557 -6.34841
397031849 -4.27715 0.633447 -1.70979 0 -100.557 -6.34841
397039034 -4.27715 0.633447 -1.70979 0 -100.557 -6.34841
397045674 -4.27715 0.633447 -1.70979 0 -100.557 -6.34841
397053015 -4.27715 0.633447 -1.70979 0 -100.557 -6.34841
397060048 -4.27715 0.633447 -1.70979 0 -100.557 -6.34841
397066964 -4.27715 0.633447 -1.70979 0 -100.557 -6.34841
397073436 -4.27715 0.633447 -1.70979 0 -100.557 -6.34841
397080721 -4.27715 0.633447 -1.70979 0 -100.557 -6.34841
397087325 -4.27715 0.633447 -1.70979 0 -100.557 -6.34841
397094545 -4.27715 0.633447 -1.70979 0 -100.557 -6.34841
397101204 -4.27715 0.633447 -1.70979 0 -100.557 -6.34841
397110286 -4.27715 0.633447 -1.70979 0 -100.557 -6.34841
397115112 -4.27715 0.633447 -1.70979 0 -100.557 -6.34841
397122098 -4.27715 0.633447 -1.70979 0 -100.557 -6.34841
397129012 -4.27715 0.633447 -1.70979 0 -100.557 -6.34841
397135996 -4.27715 0.633447 -1.70979 0 -100.557 -6.34841
397143021 -4.27715 0.633447 -1.70979 0 -100.557 -6.34841
397149966 -4.27715 0.633447 -1.70979 0 -100.557 -6.34841
397156625 -4.27715 0.633447 -1.70979 0 -100.557 -6.34841
397163762 -4.27715 0.633447 -1.70979 0 -100.557 -6.34841
397170532 -4.27715 0.633447 -1.70979 0 -100.557 -6.34841
397178093 -4.27715 0.633447 -1.70979 0 -100.557 -6.34841
397184596 -4.27715 0.633447 -1.70979 0 -100.557 -6.34841
397193627 -4.27715 0.633447 -1.70979 0 -100.557 -6.34841
397198574 -4.27715 0.633447 -1.70979 0 -100.557 -6.34841
397205653 -4.27715 0.633447 -1.70979 0 -100.557 -6.34841
397212375 -4.27715 0.633447 -1.70979 0 -100.557 -6.34841
397219439 -4.27715 0.633447 -1.70979 0 -100.557 -6.34841
397226556 -4.27715 0.633447 -1.70979 0 -100.557 -6.34841
