60
72869588 -5.23222 1.68393 -2.36649 0 0.413 4.88237
72873000 -5.24311 1.67908 -2.36462 0 0.415 4.88537
72880529 -5.25724 1.67276 -2.36215 0 0.421 4.90137
72887135 -5.2682 1.66777 -2.36006 0 0.423 4.90437
72894400 -5.28201 1.66143 -2.35737 0 0.427 4.91937
72901363 -5.29442 1.65566 -2.35477 0 0.433 4.93437
72907287 -5.30506 1.65062 -2.35237 0 0.437 4.94937
72914509 -5.31732 1.64473 -2.3494 0 0.437 4.94937
72921624 -5.32961 1.63882 -2.34644 0 0.441 4.96737
72931595 -5.34748 1.63011 -2.34178 0 0.449 4.99337
72935949 -5.35492 1.62638 -2.33963 0 0.453 5.00637
72942135 -5.36557 1.62096 -2.33641 0 0.453 5.00637
72949839 -5.37902 1.61412 -2.33234 0 0.456 5.02437
72955866 -5.38944 1.60875 -2.32897 0 0.459 5.03837
72963232 -5.40143 1.6025 -2.32492 0 0.46 5.05337
72970116 -5.41297 1.59643 -2.32083 0 0.461 5.05437
72976639 -5.42463 1.59028 -2.31668 0 0.462 5.06337
72983683 -5.43633 1.58408 -2.31239 0 0.462 5.06337
72990506 -5.448 1.57789 -2.30812 0 0.463 5.07137
72997521 -5.45972 1.57164 -2.30372 0 0.464 5.07837
73004378 -5.4712 1.56549 -2.29932 0 0.465 5.08437
73014576 -5.48815 1.55636 -2.29271 0 0.467 5.09337
73018367 -5.49445 1.55294 -2.29018 0 0.468 5.09637
73025304 -5.50591 1.54669 -2.28556 0 0.469 5.10337
73032227 -5.51734 1.54043 -2.28084 0 0.47 5.11137
73039116 -5.52866 1.53418 -2.27607 0 0.47 5.11837
73046459 -5.54069 1.52753 -2.2709 0 0.473 5.12937
73053557 -5.55165 1.5214 -2.26605 0 0.473 5.12937
73061079 -5.56444 1.51424 -2.26038 0 0.473 5.14137
73067825 -5.57532 1.50812 -2.2554 0 0.473 5.15137
73074290 -5.58538 1.50243 -2.25068 0 0.473 5.15137
73082184 -5.5982 1.49518 -2.24466 0 0.473 5.16237
73088643 -5.60775 1.48976 -2.24005 0 0.473 5.17137
73095347 -5.61967 1.48295 -2.23416 0 0.472 5.17737
73102844 -5.63127 1.47633 -2.22834 0 0.471 5.18437
73109626 -5.64214 1.47011 -2.22279 0 0.47 5.19037
73116528 -5.65306 1.46386 -2.21713 0 0.469 5.19637
73122689 -5.66274 1.45832 -2.21204 0 0.469 5.20037
73129570 -5.67375 1.45201 -2.2062 0 0.469 5.20537
73136377 -5.68449 1.44583 -2.20043 0 0.468 5.21137
73143326 -5.69536 1.43957 -2.19451 0 0.466 5.21637
73150268 -5.70625 1.43332 -2.1885 0 0.465 5.22237
73157164 -5.71702 1.42713 -2.18248 0 0.464 5.22737
73164329 -5.72787 1.42089 -2.17634 0 0.464 5.22737
73171059 -5.73866 1.41468 -2.17023 0 0.464 5.23437
73181920 -5.75542 1.40501 -2.16059 0 0.462 5.24437
73185313 -5.76027 1.4022 -2.15773 0 0.462 5.24437
73192190 -5.771 1.39601 -2.15142 0 0.462 5.24437
73199258 -5.78181 1.38976 -2.14506 0 0.459 5.25337
73206531 -5.79245 1.38362 -2.13866 0 0.457 5.26337
73213842 -5.80315 1.37745 -2.13209 0 0.454 5.27237
73220242 -5.81368 1.37139 -2.12549 0 0.454 5.27237
73228467 -5.82559 1.36453 -2.11802 0 0.449 5.28637
73234953 -5.83592 1.3586 -2.11134 0 0.444 5.29737
73240637 -5.84526 1.35327 -2.10516 0 0.434 5.31937
73248138 -5.85564 1.34741 -2.09795 0 0.434 5.32237
73254514 -5.86589 1.34161 -2.09078 0 0.427 5.33537
73265812 -5.88231 1.33242 -2.07899 0 0.41 5.36837
73269739 -5.88825 1.32916 -2.07441 0 0.399 5.38537
73276521 -5.89637 1.32478 -2.06794 0 0.397 5.38937
