60
65458501 -1.10395 5.35539 0.180537 0 0.196 1.25837
65463361 -1.09094 5.35268 0.184739 0 0.196 1.25837
65470635 -1.07799 5.34998 0.188924 0 0.215 1.29037
65477374 -1.065 5.34702 0.192666 0 0.236 1.32137
65484195 -1.05194 5.34378 0.195992 0 0.236 1.32137
65491092 -1.03893 5.34056 0.199306 0 0.267 1.35637
65498379 -1.02577 5.33687 0.202172 0 0.273 1.36337
65504635 -1.01281 5.33316 0.204899 0 0.32 1.41137
65515326 -0.992997 5.32651 0.208085 0 0.426 1.51137
65518653 -0.986872 5.32373 0.208449 0 0.455 1.54537
65526928 -0.973084 5.31698 0.2088 0 0.553 1.63837
65533722 -0.961393 5.30975 0.208009 0 0.629 1.69837
65539393 -0.951397 5.30242 0.206726 0 0.686 1.73937
65546677 -0.94067 5.29351 0.204901 0 0.751 1.78637
65554470 -0.929706 5.28303 0.2025 0 0.828 1.83237
65560632 -0.921662 5.27396 0.200346 0 0.881 1.86137
65567491 -0.913192 5.26325 0.197814 0 0.881 1.86137
65574179 -0.904708 5.25251 0.195277 0 0.926 1.88237
65582580 -0.895955 5.24029 0.192458 0 0.993 1.92437
65588325 -0.889652 5.22998 0.190131 0 1.042 1.95137
65599631 -0.878765 5.20991 0.185776 0 1.126 1.99337
65603337 -0.875986 5.20352 0.184526 0 1.153 2.00837
65609451 -0.871769 5.19303 0.182553 0 1.189 2.02837
65616787 -0.866498 5.1784 0.179957 0 1.223 2.04637
65622959 -0.862852 5.16709 0.17808 0 1.249 2.05837
65630713 -0.858578 5.15258 0.175813 0 1.301 2.08137
65637532 -0.855312 5.13904 0.173984 0 1.317 2.09037
65643591 -0.852624 5.1271 0.172446 0 1.326 2.09837
65651362 -0.849381 5.11208 0.170557 0 1.335 2.10437
65657568 -0.846919 5.10017 0.169102 0 1.342 2.10737
65665195 -0.843954 5.08536 0.167339 0 1.349 2.11237
65672183 -0.841611 5.07324 0.165929 0 1.35 2.11237
65682669 -0.837353 5.05109 0.163368 0 1.361 2.11937
65686454 -0.836171 5.04459 0.162645 0 1.364 2.12137
65692336 -0.834012 5.03251 0.16132 0 1.369 2.12537
65700249 -0.831415 5.01758 0.159712 0 1.375 2.13137
65706417 -0.829365 5.00538 0.158424 0 1.375 2.13137
65713227 -0.827055 4.99163 0.156975 0 1.378 2.13637
65720161 -0.824805 4.97797 0.155546 0 1.382 2.14237
65727164 -0.822622 4.96439 0.154142 0 1.383 2.14237
65735177 -0.820218 4.94935 0.152596 0 1.383 2.14337
65740748 -0.818243 4.93699 0.151323 0 1.386 2.14837
65748693 -0.815878 4.92188 0.149782 0 1.389 2.15437
65754813 -0.813996 4.90962 0.148539 0 1.392 2.16037
65765099 -0.810902 4.88902 0.146469 0 1.396 2.17137
65768605 -0.809932 4.88236 0.145805 0 1.397 2.17437
65776638 -0.807763 4.86735 0.144309 0 1.401 2.18237
65783566 -0.805838 4.85364 0.14296 0 1.405 2.19137
65789413 -0.80415 4.84124 0.141753 0 1.408 2.19737
65797244 -0.802185 4.82647 0.140331 0 1.414 2.20837
65803362 -0.80058 4.81384 0.139142 0 1.42 2.21737
65811317 -0.798779 4.79899 0.137782 0 1.425 2.22637
65817524 -0.797303 4.78631 0.136647 0 1.425 2.22637
65824117 -0.795714 4.77266 0.135426 0 1.429 2.23037
65832057 -0.79394 4.75693 0.13405 0 1.434 2.23737
65838370 -0.792643 4.74494 0.133029 0 1.438 2.24037
65848493 -0.7905 4.72448 0.131333 0 1.442 2.24537
65852896 -0.789609 4.71567 0.13062 0 1.442 2.24737
65859542 -0.788392 4.70363 0.129643 0 1.444 2.24837
65866922 -0.786873 4.68833 0.128421 0 1.446 2.24937
