60
244021462 -0.605285 0.59992 -0.285676 0 0.0500065 -14.0215
244028257 -0.588013 0.6007 -0.271982 0 0.0500065 -14.0215
244034201 -0.57455 0.601308 -0.261308 0 0.0500065 -14.0215
244042132 -0.559322 0.601995 -0.249235 0 0.0500065 -14.0215
244048178 -0.545511 0.602691 -0.250839 0 0.0500065 -14.0215
244055216 -0.531883 0.603377 -0.252423 0 0.0500065 -14.0215
244061937 -0.517923 0.604081 -0.254045 0 0.0500065 -14.0215
244069022 -0.504088 0.604778 -0.255652 0 0.0500065 -14.0215
244075789 -0.490442 0.605465 -0.257237 0 0.0500065 -14.0215
244082893 -0.476609 0.606162 -0.258845 0 0.0500065 -14.0225
244089683 -0.462869 0.606854 -0.260427 0 0.0500065 -14.0235
244096999 -0.448995 0.607553 -0.262011 0 0.0500065 -14.0245
244103594 -0.435262 0.608245 -0.263565 0 0.0500065 -14.0255
244110664 -0.421463 0.60894 -0.265112 0 0.0500065 -14.0255
244117473 -0.407709 0.609633 -0.266654 0 0.0500065 -14.0255
244125030 -0.393538 0.610346 -0.268243 0 0.0500065 -14.0255
244131452 -0.379968 0.61103 -0.269765 0 0.0500065 -14.0255
244138421 -0.366356 0.611715 -0.271291 0 0.0500065 -14.0255
244145251 -0.352568 0.61241 -0.272837 0 0.0500065 -14.0255
244152327 -0.33878 0.613104 -0.274383 0 0.0500065 -14.0265
244159132 -0.325016 0.613797 -0.275912 0 0.0500065 -14.0275
244166545 -0.311139 0.614496 -0.27744 0 0.0500065 -14.0275
244173375 -0.297413 0.615187 -0.278952 0 0.0500065 -14.0285
244180348 -0.283539 0.615886 -0.280465 0 0.0500065 -14.0285
244187179 -0.269848 0.616575 -0.281959 0 0.0500065 -14.0285
244193982 -0.256075 0.617268 -0.283461 0 0.0500065 -14.0285
244200956 -0.242284 0.617963 -0.284966 0 0.0500065 -14.0295
244207946 -0.228525 0.618655 -0.286453 0 0.0500065 -14.0295
244214984 -0.214503 0.619361 -0.287968 0 0.0500065 -14.0295
244223713 -0.200538 0.620064 -0.289478 0 0.0500065 -14.0305
244228732 -0.186811 0.620755 -0.290947 0 0.0500065 -14.0315
244236173 -0.173143 0.621443 -0.292397 0 0.0500065 -14.0325
244242582 -0.159297 0.62214 -0.293851 0 0.0500065 -14.0335
244249861 -0.145592 0.622829 -0.295277 0 0.0500065 -14.0335
244256444 -0.131756 0.623525 -0.296717 0 0.0500065 -14.0335
244264071 -0.118043 0.624215 -0.298143 0 0.0500065 -14.0355
244270295 -0.104234 0.62491 -0.299552 0 0.0500065 -14.0375
244277424 -0.0902695 0.625612 -0.300948 0 0.0500065 -14.0375
244284230 -0.0765353 0.626303 -0.302321 0 0.0500065 -14.0375
244291654 -0.0624731 0.627011 -0.303728 0 0.0500065 -14.0375
244298113 -0.0489436 0.627691 -0.30508 0 0.0500065 -14.0375
244305278 -0.0352014 0.628382 -0.306455 0 0.0500065 -14.0375
244312067 -0.0212068 0.629086 -0.307854 0 0.0500065 -14.0375
244318974 -0.00772102 0.629764 -0.309202 0 0.0500065 -14.0385
244325695 0.0058814 0.630448 -0.310549 0 0.0500065 -14.0395
244332890 0.0197933 0.631148 -0.311912 0 0.0500065 -14.0395
244339503 0.0333334 0.631829 -0.313238 0 0.0500065 -14.0395
244346851 0.0475873 0.632546 -0.314635 0 0.0500065 -14.0395
244353826 0.0618033 0.633261 -0.316027 0 0.0500065 -14.0395
244360738 0.075256 0.633937 -0.317345 0 0.0500065 -14.0395
244367356 0.0887087 0.634614 -0.318663 0 0.0500065 -14.0395
244374343 0.10239 0.635302 -0.320004 0 0.0500065 -14.0395
244381256 0.116336 0.636003 -0.32137 0 0.0500065 -14.0395
244388302 0.129979 0.636689 -0.322707 0 0.0500065 -14.0395
244395085 0.143833 0.637386 -0.324064 0 0.0500065 -14.0395
244402153 0.15768 0.638082 -0.325421 0 0.0500065 -14.0395
244408992 0.171476 0.638776 -0.326772 0 0.0500065 -14.0395
244416165 0.186685 0.639472 -0.314262 0 0.0500065 -14.0395
244423035 0.202126 0.64018 -0.301561 0 0.0500065 -14.0395
244430197 0.217505 0.640884 -0.28891 0 0.0500065 -14.0395
