60
491746936 -4.91727 4.25818 0.0708465 0 -100.963 -11.1944
491753171 -4.91727 4.25818 0.0708465 0 -100.871 -11.1924
491759962 -4.91727 4.25818 0.0708465 0 -100.743 -11.2004
491767107 -4.91727 4.25818 0.0708465 0 -100.556 -11.2124
491773396 -4.91727 4.25818 0.0708465 0 -100.385 -11.2354
491780384 -4.91727 4.25818 0.0708465 0 -100.171 -11.2654
491787211 -4.91727 4.25818 0.0708465 0 -99.9406 -11.2974
491794249 -4.91727 4.25818 0.0708465 0 -99.7006 -11.3394
491801162 -4.91727 4.25818 0.0708465 0 -99.4576 -11.3724
491808116 -4.91727 4.25818 0.0708465 0 -99.2336 -11.4024
491815020 -4.91727 4.25818 0.0708465 0 -99.0366 -11.4264
491825388 -4.91727 4.25818 0.0708465 0 -99.0186 -11.4294
491828952 -4.91727 4.25818 0.0708465 0 -98.9316 -11.4364
491835974 -4.91727 4.25818 0.0708465 0 -98.8196 -11.4484
491842853 -4.91727 4.25818 0.0708465 0 -98.7286 -11.4564
491849885 -4.91727 4.25818 0.0708465 0 -98.6476 -11.4634
491859275 -4.91727 4.25818 0.0708465 0 -98.6416 -11.4634
491864399 -4.91727 4.25818 0.0708465 0 -98.6416 -11.4634
491871825 -4.91727 4.25818 0.0708465 0 -98.6366 -11.4634
491877755 -4.91727 4.25818 0.0708465 0 -98.6116 -11.4644
491885021 -4.91727 4.25818 0.0708465 0 -98.5866 -11.4644
491892775 -4.91727 4.25818 0.0708465 0 -98.5836 -11.4644
491900156 -4.91727 4.25818 0.0708465 0 -98.5706 -11.4644
491905423 -4.91727 4.25818 0.0708465 0 -98.5636 -11.4644
491912348 -4.91727 4.25818 0.0708465 0 -98.5496 -11.4654
491920962 -4.91727 4.25818 0.0708465 0 -98.5456 -11.4664
491926042 -4.91727 4.25818 0.0708465 0 -98.5446 -11.4674
491933234 -4.91727 4.25818 0.0708465 0 -98.5436 -11.4684
491941302 -4.91727 4.25818 0.0708465 0 -98.5426 -11.4694
491946933 -4.91727 4.25818 0.0708465 0 -98.5426 -11.4704
491953964 -4.91727 4.25818 0.0708465 0 -98.5426 -11.4704
491960905 -4.91727 4.25818 0.0708465 0 -98.5416 -11.4724
491969583 -4.91727 4.25818 0.0708465 0 -98.5416 -11.4724
491974531 -4.91727 4.25818 0.0708465 0 -98.5416 -11.4724
491981663 -4.91727 4.25818 0.0708465 0 -98.5406 -11.4724
491988518 -4.91727 4.25818 0.0708465 0 -98.5396 -11.4724
491995513 -4.91727 4.25818 0.0708465 0 -98.5396 -11.4724
492002623 -4.91727 4.25818 0.0708465 0 -98.5386 -11.4724
492009719 -4.91727 4.25818 0.0708465 0 -98.5386 -11.4724
492016660 -4.91727 4.25818 0.0708465 0 -98.5386 -11.4724
492023549 -4.91727 4.25818 0.0708465 0 -98.5386 -11.4724
492030517 -4.91727 4.25818 0.0708465 0 -98.5386 -11.4724
492037365 -4.91727 4.25818 0.0708465 0 -98.5386 -11.4724
492045955 -4.91727 4.25818 0.0708465 0 -98.5386 -11.4724
492051054 -4.91727 4.25818 0.0708465 0 -98.5386 -11.4724
492058882 -4.91727 4.25818 0.0708465 0 -98.5386 -11.4724
492065065 -4.91727 4.25818 0.0708465 0 -98.5386 -11.4724
492072899 -4.91727 4.25818 0.0708465 0 -98.5386 -11.4724
492079050 -4.91727 4.25818 0.0708465 0 -98.5386 -11.4724
492086021 -4.91727 4.25818 0.0708465 0 -98.5386 -11.4724
492092774 -4.91727 4.25818 0.0708465 0 -98.5386 -11.4724
492099984 -4.91727 4.25818 0.0708465 0 -98.5386 -11.4724
492106986 -4.91727 4.25818 0.0708465 0 -98.5386 -11.4724
492114039 -4.91727 4.25818 0.0708465 0 -98.5386 -11.4724
492120550 -4.91727 4.25818 0.0708465 0 -98.5386 -11.4724
492127737 -4.91727 4.25818 0.0708465 0 -98.5386 -11.4724
492134420 -4.91727 4.25818 0.0708465 0 -98.5386 -11.4724
492142158 -4.91727 4.25818 0.0708465 0 -98.5386 -11.4724
492148360 -4.91727 4.25818 0.0708465 0 -98.5386 -11.4724
492155437 -4.91727 4.25818 0.0708465 0 -98.5386 -11.4724
