60
436275548 -2.59905 5.75427 0.0127689 0 -100.502 -7.1014
436281192 -2.60922 5.75386 0.0222918 0 -100.502 -7.1034
436288653 -2.6194 5.75346 0.0317903 0 -100.503 -7.1054
436296749 -2.62953 5.75307 0.0411925 0 -100.504 -7.1084
436302322 -2.63986 5.75269 0.0507327 0 -100.504 -7.1104
436310802 -2.65014 5.75232 0.0601927 0 -100.505 -7.1124
436316017 -2.66044 5.75195 0.0696283 0 -100.506 -7.1134
436324647 -2.67056 5.75161 0.0788745 0 -100.506 -7.1144
436329912 -2.68091 5.75126 0.088318 0 -100.507 -7.1154
436336686 -2.69083 5.75094 0.0973516 0 -100.507 -7.1164
436343815 -2.70119 5.7506 0.106767 0 -100.508 -7.1174
436350641 -2.71151 5.75028 0.116118 0 -100.508 -7.1174
436357713 -2.72179 5.74996 0.125446 0 -100.508 -7.1174
436364448 -2.73207 5.74964 0.134769 0 -100.508 -7.1184
436371370 -2.74227 5.74933 0.144002 0 -100.508 -7.1194
436378386 -2.75272 5.749 0.15344 0 -100.509 -7.1194
436385467 -2.76292 5.7487 0.162649 0 -100.509 -7.1194
436392327 -2.77325 5.74839 0.171981 0 -100.509 -7.1194
436399172 -2.78361 5.74809 0.181334 0 -100.509 -7.1194
436406165 -2.79394 5.74778 0.190663 0 -100.509 -7.1204
436413173 -2.8042 5.74748 0.199913 0 -100.509 -7.1214
436419993 -2.81451 5.74717 0.209192 0 -100.509 -7.1224
436426921 -2.82483 5.74687 0.21845 0 -100.509 -7.1234
436433958 -2.83531 5.74656 0.227841 0 -100.509 -7.1234
436442075 -2.84553 5.74626 0.236998 0 -100.509 -7.1244
436447788 -2.85592 5.74595 0.246288 0 -100.509 -7.1254
436454719 -2.86626 5.74565 0.255516 0 -100.509 -7.1254
436462087 -2.87666 5.74534 0.264799 0 -100.509 -7.1264
436469100 -2.88695 5.74504 0.273962 0 -100.509 -7.1274
436475634 -2.89763 5.74472 0.283455 0 -100.509 -7.1284
436482692 -2.908 5.74442 0.29265 0 -100.509 -7.1294
436489583 -2.91834 5.74411 0.301809 0 -100.51 -7.1304
436497559 -2.92858 5.74383 0.310851 0 -100.51 -7.1304
436503151 -2.93885 5.74354 0.319924 0 -100.51 -7.1304
436510600 -2.9493 5.74325 0.329159 0 -100.51 -7.1304
436517322 -2.96009 5.74294 0.338689 0 -100.51 -7.1304
436524870 -2.97021 5.74266 0.347632 0 -100.51 -7.1314
436530940 -2.98051 5.74237 0.35671 0 -100.51 -7.1324
436538332 -2.991 5.74208 0.365943 0 -100.51 -7.1324
436545239 -3.00143 5.74179 0.37512 0 -100.51 -7.1334
436552136 -3.01186 5.74149 0.384275 0 -100.51 -7.1334
436559095 -3.02227 5.7412 0.393415 0 -100.51 -7.1334
436566154 -3.03281 5.74091 0.402668 0 -100.51 -7.1344
436574090 -3.0432 5.74062 0.411772 0 -100.51 -7.1354
436579724 -3.05365 5.74033 0.420919 0 -100.51 -7.1364
436586626 -3.06406 5.74004 0.430005 0 -100.51 -7.1364
436593711 -3.07453 5.73975 0.439139 0 -100.51 -7.1364
436600621 -3.08511 5.73945 0.448375 0 -100.51 -7.1374
436607666 -3.09555 5.73916 0.457468 0 -100.51 -7.1384
436614465 -3.10601 5.73887 0.466559 0 -100.51 -7.1394
436621407 -3.11649 5.73858 0.475648 0 -100.51 -7.1404
436628530 -3.12701 5.73828 0.484759 0 -100.51 -7.1404
436635616 -3.13747 5.73799 0.493814 0 -100.51 -7.1424
436642320 -3.148 5.7377 0.502892 0 -100.51 -7.1424
436649512 -3.15848 5.73741 0.511932 0 -100.51 -7.1434
436656192 -3.16908 5.73712 0.521055 0 -100.51 -7.1434
436663356 -3.17956 5.73683 0.530073 0 -100.51 -7.1444
436670249 -3.19016 5.73653 0.539174 0 -100.51 -7.1444
436677264 -3.20062 5.73624 0.548162 0 -100.51 -7.1444
436684032 -3.21131 5.73595 0.55734 0 -100.51 -7.1464
