60
38416604 -7.14103 1.83984 -5.03338 0 0.213 -4.33064
38426217 -7.1148 1.83372 -5.04391 0 0.209 -4.35064
38439919 -7.09261 1.82869 -5.05231 0 0.204 -4.37164
38450724 -7.07006 1.82374 -5.0603 0 0.202 -4.38664
38460373 -7.05237 1.81992 -5.06628 0 0.195 -4.41864
38464890 -7.04349 1.81809 -5.06897 0 0.193 -4.42564
38475866 -7.02793 1.81492 -5.07355 0 0.192 -4.42964
38487068 -7.00636 1.81055 -5.07982 0 0.184 -4.44764
38501420 -6.97505 1.80451 -5.08831 0 0.175 -4.47864
38517149 -6.94379 1.79883 -5.09575 0 0.169 -4.50564
38534582 -6.91053 1.79303 -5.10273 0 0.161 -4.53064
38551848 -6.87775 1.78762 -5.10875 0 0.155 -4.54664
38570558 -6.8446 1.78237 -5.1143 0 0.144 -4.57864
38586020 -6.81166 1.77755 -5.11873 0 0.141 -4.58964
38603939 -6.78061 1.77311 -5.12256 0 0.14 -4.59064
38618119 -6.74801 1.76848 -5.12655 0 0.136 -4.60064
38635486 -6.71509 1.76394 -5.13024 0 0.133 -4.61464
38652623 -6.68064 1.75931 -5.13362 0 0.128 -4.63064
38669146 -6.64964 1.75531 -5.13616 0 0.125 -4.64464
38684864 -6.6157 1.75104 -5.13846 0 0.121 -4.65864
38700953 -6.58366 1.74714 -5.14019 0 0.113 -4.68364
38717700 -6.55041 1.74336 -5.14114 0 0.112 -4.69364
38734672 -6.51646 1.73954 -5.14178 0 0.109 -4.70064
38759393 -6.48307 1.73589 -5.14217 0 0.107 -4.70164
38768215 -6.45088 1.73243 -5.14252 0 0.107 -4.70464
38785638 -6.41785 1.72888 -5.14278 0 0.104 -4.71164
38804181 -6.38278 1.72522 -5.1428 0 0.104 -4.71164
38819612 -6.35134 1.72194 -5.14283 0 0.103 -4.71764
38834253 -6.3182 1.71851 -5.14265 0 0.102 -4.72264
38851261 -6.28528 1.71514 -5.14231 0 0.1 -4.72564
38867797 -6.25181 1.71179 -5.14187 0 0.1 -4.72764
38884502 -6.21864 1.70846 -5.14136 0 0.0990002 -4.72864
38902878 -6.18525 1.70514 -5.14082 0 0.0980002 -4.73264
38918769 -6.15157 1.70183 -5.14014 0 0.0990002 -4.73464
38935328 -6.11887 1.69858 -5.13941 0 0.0980002 -4.74064
38951353 -6.08536 1.69528 -5.13847 0 0.0980002 -4.74664
38967938 -6.05279 1.69208 -5.13735 0 0.0980002 -4.74964
38985439 -6.01918 1.68877 -5.1361 0 0.0970002 -4.75164
39001955 -5.98592 1.68553 -5.13479 0 0.0970002 -4.75164
39018323 -5.95386 1.68241 -5.13353 0 0.0970002 -4.75164
39034695 -5.92004 1.67912 -5.1322 0 0.0970002 -4.75164
39051436 -5.88743 1.67594 -5.13092 0 0.0970002 -4.75164
39069274 -5.85356 1.67264 -5.12959 0 0.0970002 -4.75264
39085379 -5.82143 1.66952 -5.1283 0 0.102 -4.75664
39103170 -5.7884 1.66613 -5.12684 0 0.106 -4.76064
39119280 -5.75381 1.66245 -5.12517 0 0.11 -4.76264
39134327 -5.7217 1.6589 -5.12355 0 0.112 -4.76364
39150879 -5.68894 1.65521 -5.12187 0 0.116 -4.76364
39167742 -5.65593 1.65136 -5.12018 0 0.116 -4.76364
39184600 -5.62282 1.64749 -5.11848 0 0.116 -4.76264
39202903 -5.58868 1.64351 -5.11676 0 0.116 -4.76164
39220392 -5.55324 1.63937 -5.11502 0 0.116 -4.76064
39240647 -5.51026 1.63436 -5.11294 0 0.116 -4.76064
39251326 -5.49051 1.63206 -5.11199 0 0.116 -4.76064
39267289 -5.45737 1.62819 -5.11039 0 0.116 -4.76064
39283912 -5.4244 1.62434 -5.1088 0 0.116 -4.76064
39300736 -5.39149 1.6205 -5.10721 0 0.116 -4.76064
39317379 -5.35851 1.61666 -5.10562 0 0.116 -4.76064
39334860 -5.32531 1.61278 -5.10401 0 0.115 -4.76064
39350800 -5.29197 1.60893 -5.1024 0 0.115 -4.76064
