60
32884522 -1.94267 5.80184 -0.819843 0 1.312 -0.387636
32891050 -1.94267 5.81576 -0.819843 0 1.313 -0.387636
32898197 -1.94267 5.82995 -0.819843 0 1.313 -0.387636
32905354 -1.94267 5.84365 -0.819843 0 1.313 -0.387636
32911969 -1.94267 5.85766 -0.819843 0 1.313 -0.386636
32920070 -1.94267 5.87136 -0.819843 0 1.314 -0.385636
32925826 -1.94267 5.88536 -0.819843 0 1.315 -0.384636
32932778 -1.94267 5.8993 -0.819843 0 1.315 -0.384636
32939806 -1.94267 5.91315 -0.819843 0 1.315 -0.384636
32946625 -1.94267 5.927 -0.819843 0 1.315 -0.384636
32953563 -1.94267 5.94081 -0.819843 0 1.315 -0.383637
32960669 -1.94267 5.9548 -0.819843 0 1.315 -0.383637
32967906 -1.94267 5.969 -0.819843 0 1.316 -0.382637
32974750 -1.94267 5.9827 -0.819843 0 1.316 -0.382637
32981624 -1.94267 5.99676 -0.819843 0 1.317 -0.382637
32989251 -1.94267 6.01051 -0.819843 0 1.317 -0.382637
32995146 -1.94267 6.02424 -0.819843 0 1.317 -0.382637
33002205 -1.94267 6.03815 -0.819843 0 1.317 -0.382637
33009178 -1.94267 6.05206 -0.819843 0 1.317 -0.381637
33016472 -1.94267 6.06587 -0.819843 0 1.318 -0.380637
33023317 -1.94267 6.07983 -0.819843 0 1.318 -0.380637
33030464 -1.94267 6.09373 -0.819843 0 1.319 -0.378637
33037186 -1.94267 6.10758 -0.819843 0 1.319 -0.378637
33044202 -1.94267 6.12148 -0.819843 0 1.32 -0.378637
33050968 -1.94267 6.13533 -0.819843 0 1.32 -0.378637
33058184 -1.94267 6.14925 -0.819843 0 1.32 -0.378637
33064725 -1.94267 6.16317 -0.819843 0 1.32 -0.378637
33071602 -1.94267 6.17696 -0.819843 0 1.32 -0.378637
33078589 -1.94267 6.19091 -0.819843 0 1.32 -0.378637
33085527 -1.94267 6.20473 -0.819843 0 1.32 -0.378637
33092521 -1.94267 6.21878 -0.819843 0 1.32 -0.378637
33099413 -1.94267 6.23256 -0.819843 0 1.32 -0.378637
33106506 -1.94267 6.24655 -0.819843 0 1.32 -0.377637
33113672 -1.94267 6.26063 -0.819843 0 1.321 -0.377637
33120655 -1.94267 6.27434 -0.819843 0 1.321 -0.377637
33127405 -1.94267 6.2883 -0.819843 0 1.322 -0.376637
33134217 -1.94267 6.30204 -0.819843 0 1.322 -0.376637
33141263 -1.94267 6.31588 -0.819843 0 1.322 -0.376637
33148015 -1.94267 6.32974 -0.819843 0 1.322 -0.376637
33154920 -1.94267 6.34359 -0.819843 0 1.322 -0.376637
33162200 -1.94267 6.35792 -0.819843 0 1.322 -0.376637
33169340 -1.94267 6.37152 -0.819843 0 1.322 -0.376637
33175680 -1.94267 6.3853 -0.819843 0 1.322 -0.376637
33182897 -1.94267 6.39948 -0.819843 0 1.322 -0.376637
33189564 -1.94267 6.41306 -0.819843 0 1.322 -0.376637
33197104 -1.94267 6.42709 -0.819843 0 1.322 -0.376637
33203435 -1.94267 6.44081 -0.819843 0 1.322 -0.376637
33210498 -1.94267 6.45473 -0.819843 0 1.322 -0.376637
33217386 -1.94267 6.46872 -0.819843 0 1.322 -0.376637
33224412 -1.94267 6.48255 -0.819843 0 1.322 -0.376637
33231494 -1.94267 6.49692 -0.819843 0 1.322 -0.376637
33238496 -1.94267 6.51057 -0.819843 0 1.322 -0.376637
33245362 -1.94267 6.52465 -0.819843 0 1.322 -0.376637
33252365 -1.94267 6.53831 -0.819843 0 1.322 -0.376637
33259317 -1.94267 6.55257 -0.819843 0 1.322 -0.376637
33266331 -1.94267 6.56624 -0.819843 0 1.322 -0.376637
33275980 -1.94267 6.57999 -0.819843 0 1.323 -0.376637
33280062 -1.94267 6.59406 -0.819843 0 1.324 -0.376637
33287096 -1.94267 6.60777 -0.819843 0 1.324 -0.376637
33294302 -1.94267 6.62182 -0.819843 0 1.324 -0.375637
