60
439503869 -8.06141 5.67366 2.67218 0 -100.517 -8.74339
439510181 -8.07021 5.67347 2.66132 0 -100.516 -8.74539
439517367 -8.07916 5.67325 2.65024 0 -100.515 -8.74939
439524235 -8.08773 5.67303 2.63955 0 -100.514 -8.75339
439531065 -8.09637 5.6728 2.62867 0 -100.513 -8.75739
439537981 -8.10493 5.67255 2.61781 0 -100.512 -8.76039
439547264 -8.11375 5.67228 2.60655 0 -100.511 -8.76439
439551924 -8.12208 5.67201 2.59583 0 -100.511 -8.76739
439559515 -8.13075 5.67172 2.58458 0 -100.51 -8.77339
439565966 -8.13909 5.67143 2.57365 0 -100.509 -8.77639
439573167 -8.1475 5.67113 2.56256 0 -100.508 -8.77939
439579864 -8.1558 5.67081 2.55152 0 -100.507 -8.78239
439586804 -8.16399 5.67048 2.54058 0 -100.506 -8.78639
439595466 -8.17224 5.67014 2.52947 0 -100.505 -8.79239
439601465 -8.18072 5.66976 2.51789 0 -100.504 -8.79639
439608180 -8.1886 5.6694 2.50705 0 -100.503 -8.80039
439614515 -8.19691 5.669 2.49551 0 -100.502 -8.80339
439623325 -8.20483 5.66861 2.48446 0 -100.501 -8.80839
439628447 -8.21299 5.66818 2.47294 0 -100.501 -8.81039
439637065 -8.22089 5.66777 2.46174 0 -100.501 -8.81339
439642429 -8.22911 5.66734 2.45001 0 -100.5 -8.81539
439650229 -8.23684 5.66692 2.43893 0 -100.499 -8.82039
439658045 -8.24468 5.66648 2.42758 0 -100.499 -8.82539
439663186 -8.25256 5.66604 2.41604 0 -100.499 -8.82739
439670126 -8.26035 5.66559 2.4046 0 -100.499 -8.83039
439677049 -8.26814 5.66515 2.39308 0 -100.499 -8.83539
439684984 -8.2758 5.66471 2.38161 0 -100.499 -8.83939
439690734 -8.28343 5.66427 2.37011 0 -100.499 -8.84439
439698572 -8.29111 5.66382 2.35839 0 -100.499 -8.84439
439704704 -8.29863 5.66338 2.34693 0 -100.499 -8.84939
439711739 -8.30626 5.66293 2.33517 0 -100.499 -8.85439
439718522 -8.31371 5.66249 2.32355 0 -100.498 -8.85939
439725693 -8.32134 5.66202 2.31153 0 -100.497 -8.86739
439732551 -8.32851 5.66156 2.30002 0 -100.496 -8.87239
439739534 -8.33583 5.66107 2.28815 0 -100.496 -8.87839
439746456 -8.34303 5.66058 2.27631 0 -100.496 -8.88339
439753315 -8.35009 5.6601 2.26457 0 -100.496 -8.88739
439760331 -8.35727 5.65961 2.25251 0 -100.496 -8.89339
439767435 -8.36445 5.65912 2.24031 0 -100.496 -8.89939
439774191 -8.37132 5.65864 2.22845 0 -100.496 -8.90539
439781214 -8.37828 5.65815 2.21628 0 -100.497 -8.91339
439789637 -8.385 5.65768 2.20431 0 -100.497 -8.91439
439797515 -8.39179 5.65721 2.19218 0 -100.497 -8.91739
439802731 -8.39869 5.65673 2.17975 0 -100.498 -8.92439
439810204 -8.4054 5.65626 2.1675 0 -100.498 -8.92639
439815985 -8.41196 5.65581 2.15543 0 -100.498 -8.93239
439825579 -8.41838 5.65536 2.14346 0 -100.498 -8.93439
439829791 -8.42486 5.65491 2.13134 0 -100.5 -8.93939
439836808 -8.43132 5.65448 2.11909 0 -100.501 -8.94639
439844982 -8.43777 5.65406 2.10664 0 -100.502 -8.95839
439850640 -8.444 5.65366 2.09427 0 -100.502 -8.96439
439857480 -8.45016 5.65326 2.08185 0 -100.504 -8.97139
439864584 -8.45629 5.65288 2.06928 0 -100.505 -8.97839
439871335 -8.46215 5.65252 2.05702 0 -100.506 -8.98539
439878357 -8.4682 5.65217 2.04416 0 -100.508 -8.99339
439885309 -8.47391 5.65186 2.03176 0 -100.51 -9.00039
439892400 -8.47982 5.65155 2.01868 0 -100.512 -9.00839
439899216 -8.48533 5.6513 2.00622 0 -100.512 -9.01639
439906152 -8.4908 5.65103 1.99357 0 -100.513 -9.02639
439913182 -8.49624 5.65078 1.98064 0 -100.514 -9.03739
