60
43092362 -3.4073 6.33203 3.81549 0 0.123002 3.24536
43099271 -3.39358 6.33203 3.81406 0 0.123002 3.24536
43106141 -3.37964 6.33203 3.81261 0 0.123002 3.24536
43113138 -3.36594 6.33203 3.81118 0 0.123002 3.24536
43120032 -3.352 6.33203 3.80973 0 0.123002 3.24536
43127026 -3.33832 6.33203 3.80831 0 0.123002 3.24536
43134194 -3.32452 6.33203 3.80687 0 0.124002 3.24536
43142481 -3.30775 6.33203 3.80512 0 0.124002 3.24436
43147720 -3.29691 6.33203 3.80401 0 0.124002 3.24336
43154912 -3.28304 6.33203 3.80259 0 0.124002 3.24336
43161563 -3.26937 6.33203 3.80119 0 0.124002 3.24336
43168971 -3.25546 6.33203 3.79977 0 0.126002 3.24336
43175494 -3.24165 6.33203 3.79836 0 0.128002 3.24336
43183040 -3.22772 6.33203 3.79694 0 0.128002 3.24336
43189398 -3.21399 6.33203 3.79554 0 0.128002 3.24336
43196806 -3.20008 6.33203 3.79412 0 0.128002 3.24336
43203241 -3.18644 6.33203 3.79273 0 0.128002 3.24336
43210435 -3.17241 6.33203 3.79129 0 0.129002 3.24336
43217210 -3.15866 6.33203 3.78989 0 0.130002 3.24336
43224571 -3.14474 6.33203 3.78847 0 0.130002 3.24336
43231060 -3.1311 6.33203 3.78707 0 0.130002 3.24336
43238386 -3.11726 6.33203 3.78566 0 0.130002 3.24336
43244940 -3.10348 6.33203 3.78425 0 0.130002 3.24336
43252001 -3.08965 6.33203 3.78284 0 0.130002 3.24336
43258777 -3.07595 6.33203 3.78144 0 0.130002 3.24336
43266110 -3.06172 6.33203 3.77999 0 0.130002 3.24336
43272787 -3.04809 6.33203 3.7786 0 0.130002 3.24336
43279832 -3.0343 6.33203 3.77719 0 0.130002 3.24336
43286702 -3.02039 6.33203 3.77577 0 0.130002 3.24336
43293769 -3.0066 6.33203 3.77436 0 0.130002 3.24336
43300487 -2.99296 6.33203 3.77297 0 0.130002 3.24336
43309066 -2.97611 6.33203 3.77125 0 0.130002 3.24336
43314415 -2.96525 6.33203 3.77014 0 0.130002 3.24336
43321497 -2.95137 6.33203 3.76872 0 0.130002 3.24336
43328285 -2.93765 6.33203 3.76732 0 0.130002 3.24336
43335262 -2.92403 6.33203 3.76593 0 0.130002 3.24336
43342163 -2.91006 6.33203 3.7645 0 0.130002 3.24336
43349306 -2.89606 6.33203 3.76307 0 0.130002 3.24336
43356117 -2.88228 6.33203 3.76166 0 0.130002 3.24336
43363151 -2.8685 6.33203 3.76026 0 0.130002 3.24336
43369932 -2.85479 6.33203 3.75886 0 0.130002 3.24336
43377050 -2.84087 6.33203 3.75743 0 0.130002 3.24336
43383818 -2.82716 6.33203 3.75603 0 0.130002 3.24336
43392139 -2.8108 6.33203 3.75436 0 0.130002 3.24336
43397748 -2.79944 6.33203 3.7532 0 0.130002 3.24336
43404804 -2.78567 6.33203 3.7518 0 0.130002 3.24336
43411614 -2.77186 6.33203 3.75039 0 0.130002 3.24336
43418667 -2.75805 6.33203 3.74898 0 0.130002 3.24336
43425451 -2.74433 6.33203 3.74757 0 0.130002 3.24336
43432617 -2.73028 6.33203 3.74614 0 0.130002 3.24336
43439361 -2.71665 6.33203 3.74475 0 0.130002 3.24336
43446458 -2.70281 6.33203 3.74333 0 0.130002 3.24336
43453329 -2.68886 6.33203 3.74191 0 0.130002 3.24336
43460607 -2.67477 6.33203 3.74047 0 0.130002 3.24336
43467390 -2.6609 6.33203 3.73905 0 0.130002 3.24336
43475812 -2.64671 6.33203 3.73761 0 0.130002 3.24336
43481281 -2.63326 6.33203 3.73623 0 0.130002 3.24336
43489077 -2.61953 6.33203 3.73483 0 0.130002 3.24336
43495162 -2.60564 6.33203 3.73341 0 0.130002 3.24336
43502778 -2.59189 6.33203 3.73201 0 0.130002 3.24336
