60
83463009 5.38596 1.43594 0.225401 0 0.19 -7.75196
83475134 5.35292 1.42956 0.228784 0 0.19 -7.75596
83490381 5.32293 1.42376 0.231733 0 0.19 -7.75996
83507059 5.29036 1.41747 0.234805 0 0.19 -7.76596
83525029 5.25553 1.41074 0.237879 0 0.19 -7.77196
83541740 5.22238 1.40435 0.240604 0 0.188 -7.77896
83558552 5.18955 1.39808 0.243072 0 0.187 -7.78596
83574732 5.15838 1.39217 0.245195 0 0.187 -7.79196
83590071 5.12742 1.3863 0.247118 0 0.186 -7.79996
83606671 5.09478 1.38015 0.248883 0 0.184 -7.80796
83623502 5.06205 1.37406 0.250391 0 0.184 -7.80796
83640369 5.02886 1.36787 0.251919 0 0.181 -7.81596
83659032 4.99376 1.36144 0.253255 0 0.178 -7.82696
83673820 4.96337 1.35597 0.254076 0 0.176 -7.83596
83691079 4.93041 1.35011 0.25467 0 0.176 -7.83596
83708241 4.8952 1.34385 0.255305 0 0.173 -7.84796
83723818 4.86487 1.33855 0.255488 0 0.171 -7.85696
83740732 4.83197 1.33287 0.25539 0 0.171 -7.85696
83757692 4.79888 1.32715 0.255292 0 0.171 -7.85696
83774166 4.76654 1.35439 0.255195 0 0.171 -7.85696
83790854 4.7334 1.3823 0.255097 0 0.171 -7.85696
83807532 4.69955 1.4108 0.254996 0 0.169 -7.86096
83823481 4.6681 1.43734 0.254777 0 0.169 -7.86296
83840369 4.63506 1.46522 0.25448 0 0.169 -7.86496
83857055 4.60209 1.49304 0.254118 0 0.169 -7.86496
83873724 4.56921 1.52079 0.253757 0 0.169 -7.86496
83890353 4.5364 1.54848 0.253397 0 0.169 -7.86496
83907146 4.50333 1.57638 0.253035 0 0.169 -7.86496
83923679 4.47069 1.60393 0.252676 0 0.169 -7.86496
83940631 4.43782 1.63167 0.252316 0 0.169 -7.86496
83956699 4.40508 1.65929 0.251956 0 0.169 -7.86496
83973823 4.37172 1.68744 0.25159 0 0.169 -7.86496
83993724 4.3391 1.68188 0.251232 0 0.169 -7.86496
84009013 4.30342 1.67579 0.25084 0 0.169 -7.86496
84024625 4.27221 1.67046 0.250498 0 0.169 -7.86496
84039927 4.24096 1.66513 0.250155 0 0.169 -7.86496
84056517 4.20847 1.65959 0.249798 0 0.169 -7.86496
84073035 4.17568 1.65399 0.249438 0 0.169 -7.86496
84092610 4.14015 1.64793 0.249049 0 0.169 -7.86496
84106947 4.10927 1.64266 0.24871 0 0.169 -7.86496
84125529 4.07437 1.6367 0.248327 0 0.169 -7.86496
84144065 4.0413 1.63106 0.247964 0 0.169 -7.86496
84158459 4.00846 1.62546 0.247603 0 0.169 -7.86496
84173324 3.97799 1.62026 0.247269 0 0.169 -7.86496
84190191 3.94497 1.61462 0.246906 0 0.169 -7.86496
84208128 3.91067 1.60877 0.24653 0 0.169 -7.86496
84223372 3.87959 1.60347 0.246189 0 0.169 -7.86496
84240001 3.84676 1.59786 0.245829 0 0.169 -7.86496
84256550 3.81391 1.59226 0.245468 0 0.169 -7.86496
84273617 3.78066 1.58659 0.245103 0 0.169 -7.86496
84290121 3.74786 1.58099 0.244743 0 0.169 -7.86496
84307102 3.71499 1.60873 0.244382 0 0.169 -7.86496
84323399 3.68218 1.63642 0.244022 0 0.169 -7.86496
84340314 3.6492 1.66424 0.24366 0 0.169 -7.86496
84356710 3.6165 1.69184 0.243302 0 0.169 -7.86496
84373599 3.58357 1.71963 0.24294 0 0.169 -7.86496
84392063 3.54788 1.74975 0.242548 0 0.169 -7.86496
84406822 3.51773 1.77519 0.242217 0 0.169 -7.86496
84424689 3.48333 1.80422 0.24184 0 0.169 -7.86496
84439880 3.4525 1.83024 0.241502 0 0.169 -7.86496
