60
67211810 2.55223 1.95794 -0.0840896 0 0.118 -4.55496
67223647 2.58496 1.95401 -0.089285 0 0.118 -4.55496
67240482 2.61764 1.95009 -0.0944726 0 0.118 -4.55496
67257490 2.65034 1.94616 -0.0996644 0 0.118 -4.55496
67275283 2.68563 1.94193 -0.105265 0 0.115 -4.55696
67291825 2.71742 1.93821 -0.110248 0 0.112 -4.56496
67307830 2.74974 1.93454 -0.115046 0 0.107 -4.57896
67323504 2.78085 1.93116 -0.119222 0 0.1 -4.60596
67341223 2.81586 1.92763 -0.122964 0 0.0900002 -4.63796
67357400 2.84701 1.92481 -0.125286 0 0.0810002 -4.66896
67373717 2.88018 1.92212 -0.126727 0 0.0810002 -4.66896
67390534 2.91348 1.91941 -0.128175 0 0.0810002 -4.66896
67407623 2.94724 1.91667 -0.129642 0 0.0740002 -4.69396
67423923 2.98021 1.91422 -0.13025 0 0.0660002 -4.71796
67440455 3.01329 1.91204 -0.130066 0 0.0570002 -4.73796
67457536 3.04681 1.91012 -0.129208 0 0.0480002 -4.75596
67475230 3.08265 1.9084 -0.127646 0 0.0390002 -4.77096
67491415 3.11515 1.90713 -0.12574 0 0.0340002 -4.77996
67507308 3.14632 1.90607 -0.123631 0 0.0340002 -4.77996
67523684 3.17952 1.90494 -0.121384 0 0.0320002 -4.78296
67541226 3.21429 1.90382 -0.118926 0 0.0290002 -4.78396
67557055 3.24579 1.9029 -0.116668 0 0.0270002 -4.78596
67575036 3.28057 1.90196 -0.114105 0 0.0260002 -4.78696
67590273 3.31226 1.90114 -0.111737 0 0.0240002 -4.78896
67606931 3.34551 1.90034 -0.109187 0 0.0230002 -4.78996
67623598 3.37873 1.89957 -0.106604 0 0.0230002 -4.79096
67640570 3.41223 1.8988 -0.103967 0 0.0220002 -4.79296
67657321 3.44562 1.89806 -0.101271 0 0.0210002 -4.79296
67675234 3.48143 1.8973 -0.0983797 0 0.0210002 -4.79296
67690438 3.51226 1.89665 -0.0958905 0 0.0210002 -4.79296
67707192 3.54777 1.89596 -0.126106 0 0.0210002 -4.79296
67725110 3.58516 1.89523 -0.157913 0 0.0210002 -4.79296
67740513 3.61919 1.89457 -0.186866 0 0.0210002 -4.79296
67757132 3.65524 1.89387 -0.217536 0 0.0210002 -4.79296
67775295 3.69275 1.89314 -0.249445 0 0.0200002 -4.79696
67792142 3.72904 1.89246 -0.280067 0 0.0190002 -4.80196
67808049 3.76511 1.89183 -0.310201 0 0.0190002 -4.80796
67823622 3.79967 1.89123 -0.33872 0 0.0200002 -4.81496
67841167 3.83757 1.89054 -0.369553 0 0.0240002 -4.82496
67859014 3.87655 1.88969 -0.400625 0 0.0290002 -4.83496
67874405 3.91047 1.88881 -0.427118 0 0.0290002 -4.83596
67891341 3.94954 1.88779 -0.457569 0 0.0340002 -4.84896
67907565 3.98629 1.88669 -0.485454 0 0.0390002 -4.86396
67924240 4.02427 1.88539 -0.513386 0 0.0450002 -4.88696
67941106 4.06276 1.88389 -0.540367 0 0.0490002 -4.90696
67956670 4.09999 1.88234 -0.565369 0 0.0520002 -4.92596
67973898 4.14064 1.88056 -0.59157 0 0.0540002 -4.94796
67991088 4.18164 1.87872 -0.616741 0 0.0580002 -4.97096
68006899 4.22083 1.87686 -0.639583 0 0.0610002 -4.99896
68023605 4.26207 1.87483 -0.6621 0 0.0610002 -5.03196
68040279 4.30437 1.87279 -0.683415 0 0.0630002 -5.07096
68057718 4.34874 1.87061 -0.703644 0 0.0640002 -5.11696
68073361 4.39035 1.86858 -0.720354 0 0.0650002 -5.15396
68091060 4.437 1.86631 -0.737111 0 0.0680002 -5.19896
68107130 4.48021 1.86413 -0.750477 0 0.0710002 -5.24296
68124273 4.52749 1.86167 -0.762858 0 0.0780002 -5.28696
68140195 4.57151 1.85919 -0.772349 0 0.0820002 -5.33796
68157175 4.61801 1.85646 -0.779925 0 0.0920002 -5.39796
68174554 4.66674 1.85327 -0.78491 0 0.0940002 -5.45596
68190174 4.71173 1.85027 -0.786893 0 0.101 -5.50696
