60
12787737 -0.514656 3.42405 -0.745881 0 0.018 -1.63895
12791641 -0.527199 3.42382 -0.746737 0 0.018 -1.63895
12798837 -0.540997 3.42357 -0.747679 0 0.018 -1.63895
12805465 -0.55478 3.42332 -0.74862 0 0.018 -1.63895
12812611 -0.568682 3.42307 -0.749569 0 0.018 -1.63895
12819432 -0.582587 3.42282 -0.750518 0 0.018 -1.63895
12826688 -0.596453 3.42257 -0.751464 0 0.018 -1.63895
12833289 -0.6103 3.42232 -0.75241 0 0.018 -1.63895
12840432 -0.624297 3.42207 -0.753365 0 0.018 -1.63895
12847157 -0.637937 3.42182 -0.754296 0 0.018 -1.63895
12857698 -0.658764 3.42145 -0.755718 0 0.018 -1.63895
12862031 -0.666935 3.4213 -0.756276 0 0.018 -1.63895
12869069 -0.680902 3.42105 -0.757229 0 0.018 -1.63895
12875118 -0.693713 3.42082 -0.758103 0 0.018 -1.63895
12882021 -0.707283 3.42057 -0.75903 0 0.018 -1.63895
12889947 -0.722385 3.4203 -0.760061 0 0.018 -1.63895
12895891 -0.735173 3.42007 -0.760934 0 0.018 -1.63895
12903660 -0.750282 3.4198 -0.761965 0 0.018 -1.63895
12910732 -0.764187 3.41955 -0.762914 0 0.018 -1.63895
12916619 -0.776536 3.41932 -0.763757 0 0.018 -1.63895
12924670 -0.792104 3.41904 -0.76482 0 0.018 -1.63895
12930481 -0.80417 3.41882 -0.765644 0 0.018 -1.63895
12941066 -0.825095 3.41845 -0.767072 0 0.018 -1.63895
12944427 -0.832016 3.41832 -0.767544 0 0.018 -1.63895
12952384 -0.847161 3.41805 -0.768578 0 0.018 -1.63895
12959434 -0.860998 3.4178 -0.769523 0 0.018 -1.63895
12965221 -0.873517 3.41757 -0.770377 0 0.018 -1.63895
12973429 -0.889336 3.41729 -0.771457 0 0.018 -1.63895
12980082 -0.902575 3.41705 -0.772361 0 0.018 -1.63895
12986051 -0.915071 3.41682 -0.773214 0 0.018 -1.63895
12993084 -0.928867 3.41657 -0.774156 0 0.018 -1.63895
12999921 -0.942737 3.41632 -0.775102 0 0.018 -1.63895
13007002 -0.95664 3.41607 -0.776052 0 0.018 -1.63895
13013796 -0.970416 3.41582 -0.776992 0 0.018 -1.63895
13024176 -0.990823 3.41546 -0.778385 0 0.018 -1.63895
13027783 -0.998318 3.41532 -0.778897 0 0.018 -1.63895
13035546 -1.01324 3.41505 -0.779915 0 0.018 -1.63895
13042821 -1.02737 3.4148 -0.78088 0 0.018 -1.63895
13048515 -1.03969 3.41457 -0.781721 0 0.018 -1.63895
13055962 -1.0543 3.41431 -0.782718 0 0.018 -1.63895
13063463 -1.0688 3.41405 -0.783708 0 0.018 -1.63895
13070463 -1.08263 3.4138 -0.784652 0 0.018 -1.63895
13076447 -1.09538 3.41357 -0.785522 0 0.018 -1.63895
13083380 -1.10899 3.41332 -0.786451 0 0.018 -1.63895
13090263 -1.12295 3.41307 -0.787405 0 0.018 -1.63895
13098138 -1.13669 3.41282 -0.788342 0 0.018 -1.63895
13104590 -1.15133 3.41256 -0.789342 0 0.018 -1.63895
13112089 -1.16588 3.4123 -0.790335 0 0.018 -1.63895
13117987 -1.17824 3.41207 -0.791179 0 0.018 -1.63895
13125823 -1.19337 3.4118 -0.792212 0 0.018 -1.63895
13131751 -1.20574 3.41158 -0.793056 0 0.018 -1.63895
13138955 -1.21988 3.41132 -0.794021 0 0.018 -1.63895
13146932 -1.23522 3.41105 -0.795068 0 0.018 -1.63895
13153595 -1.24887 3.4108 -0.796 0 0.018 -1.63895
13160753 -1.26325 3.41054 -0.796982 0 0.018 -1.63895
13166623 -1.27531 3.41032 -0.797805 0 0.018 -1.63895
13173741 -1.28918 3.41007 -0.798752 0 0.018 -1.63895
13180461 -1.30291 3.40983 -0.799689 0 0.018 -1.63895
13191186 -1.3241 3.40944 -0.801135 0 0.018 -1.63895
13194387 -1.3307 3.40932 -0.801586 0 0.018 -1.63895
