60
21904511 -8.49198 4.35481 -0.280902 0 -0.719 1.62405
21909942 -8.48147 4.36402 -0.281462 0 -0.713 1.62405
21916561 -8.47102 4.37307 -0.282019 0 -0.705 1.62405
21924395 -8.4593 4.38306 -0.282644 0 -0.696 1.62405
21930591 -8.44986 4.39096 -0.283147 0 -0.687 1.62405
21940552 -8.43419 4.40383 -0.283982 0 -0.672 1.62405
21945320 -8.42718 4.40941 -0.284355 0 -0.664 1.62405
21952438 -8.41623 4.41799 -0.284939 0 -0.648 1.62405
21959346 -8.40514 4.4264 -0.28553 0 -0.632 1.62405
21966283 -8.40514 4.4264 -0.28553 0 -0.629 1.62405
21973221 -8.40514 4.4264 -0.28553 0 -0.615 1.62405
21979370 -8.40514 4.4264 -0.28553 0 -0.615 1.62405
21986926 -8.40514 4.4264 -0.28553 0 -0.595 1.62405
21993962 -8.40514 4.4264 -0.28553 0 -0.576 1.62405
22000446 -8.40514 4.4264 -0.28553 0 -0.576 1.62405
22007679 -8.40514 4.4264 -0.28553 0 -0.557 1.62605
22014075 -8.40514 4.4264 -0.28553 0 -0.555 1.62605
22023843 -8.40514 4.4264 -0.28553 0 -0.535 1.62905
22027651 -8.40514 4.4264 -0.28553 0 -0.528 1.62905
22034798 -8.40514 4.4264 -0.28553 0 -0.516 1.63005
22042438 -8.40514 4.4264 -0.28553 0 -0.504 1.63205
22048536 -8.40514 4.4264 -0.28553 0 -0.497 1.63405
22056376 -8.40514 4.4264 -0.28553 0 -0.49 1.63405
22063280 -8.40514 4.4264 -0.28553 0 -0.484 1.63405
22070302 -8.40514 4.4264 -0.28553 0 -0.479 1.63405
22077483 -8.40514 4.4264 -0.28553 0 -0.474 1.63605
22084238 -8.40514 4.4264 -0.28553 0 -0.472 1.63705
22091277 -8.40514 4.4264 -0.28553 0 -0.467 1.63805
22097608 -8.40514 4.4264 -0.28553 0 -0.463 1.63905
22107829 -8.40514 4.4264 -0.28553 0 -0.455 1.64105
22111323 -8.40514 4.4264 -0.28553 0 -0.452 1.64205
22118675 -8.40514 4.4264 -0.28553 0 -0.447 1.64205
22125006 -8.40514 4.4264 -0.28553 0 -0.447 1.64205
22131751 -8.40514 4.4264 -0.28553 0 -0.441 1.64405
22138923 -8.40514 4.4264 -0.28553 0 -0.441 1.64405
22145773 -8.40514 4.4264 -0.28553 0 -0.434 1.64405
22152670 -8.40514 4.4264 -0.28553 0 -0.428 1.64405
22159857 -8.40514 4.4264 -0.28553 0 -0.419 1.64505
22166499 -8.40514 4.4264 -0.28553 0 -0.409 1.64705
22173661 -8.40514 4.4264 -0.28553 0 -0.409 1.64705
22180493 -8.40514 4.4264 -0.28553 0 -0.397 1.64805
22191297 -8.40514 4.4264 -0.28553 0 -0.381 1.65205
22194420 -8.40514 4.4264 -0.28553 0 -0.378 1.65205
22201761 -8.40514 4.4264 -0.28553 0 -0.378 1.65205
22208588 -8.40514 4.4264 -0.28553 0 -0.378 1.65205
22215861 -8.40514 4.4264 -0.28553 0 -0.378 1.65205
22222514 -8.40514 4.4264 -0.28553 0 -0.378 1.65205
22229442 -8.40514 4.4264 -0.28553 0 -0.372 1.65205
22236323 -8.40514 4.4264 -0.28553 0 -0.365 1.65205
22243453 -8.40514 4.4264 -0.28553 0 -0.359 1.65205
22250100 -8.40514 4.4264 -0.28553 0 -0.354 1.65305
22258321 -8.40514 4.4264 -0.28553 0 -0.346 1.65305
22263953 -8.40514 4.4264 -0.28553 0 -0.34 1.65305
22274360 -8.40514 4.4264 -0.28553 0 -0.322 1.65605
22278203 -8.40514 4.4264 -0.28553 0 -0.316 1.65605
22285666 -8.40514 4.4264 -0.28553 0 -0.305 1.65805
22291682 -8.40514 4.4264 -0.28553 0 -0.294 1.66205
22299173 -8.40514 4.4264 -0.28553 0 -0.291 1.66305
22305505 -8.40514 4.4264 -0.28553 0 -0.275 1.66305
22312769 -8.40514 4.4264 -0.28553 0 -0.275 1.66305
