60
20063257 -11.4836 2.7744 -0.113575 0 0.121 1.68505
20069270 -11.4699 2.77273 -0.115142 0 0.121 1.68505
20076388 -11.4561 2.77104 -0.116724 0 0.121 1.68505
20083101 -11.4426 2.76939 -0.118273 0 0.121 1.68505
20091185 -11.4277 2.76756 -0.119987 0 0.121 1.68505
20097008 -11.4152 2.76603 -0.121422 0 0.121 1.68505
20107797 -11.3941 2.76346 -0.123838 0 0.121 1.68505
20110928 -11.3877 2.76267 -0.124573 0 0.121 1.68505
20118906 -11.3727 2.76084 -0.126291 0 0.121 1.68505
20125878 -11.3589 2.75915 -0.127877 0 0.121 1.68505
20131679 -11.3468 2.75766 -0.129269 0 0.121 1.68505
20138949 -11.3327 2.75594 -0.130885 0 0.121 1.68505
20145845 -11.3192 2.75428 -0.13244 0 0.12 1.68505
20152814 -11.3056 2.75263 -0.133998 0 0.116 1.68405
20159955 -11.2918 2.75102 -0.135565 0 0.116 1.68405
20167342 -11.2783 2.74943 -0.137101 0 0.11 1.68205
20173823 -11.2644 2.74789 -0.138649 0 0.11 1.68205
20180416 -11.2509 2.74639 -0.140161 0 0.103 1.67905
20191334 -11.2296 2.74417 -0.142479 0 0.0819999 1.67505
20195387 -11.2215 2.74351 -0.143322 0 0.0739999 1.67305
20202481 -11.2078 2.74248 -0.144731 0 0.0599999 1.67205
20208717 -11.1955 2.74174 -0.14598 0 0.0489999 1.67105
20215226 -11.1818 2.74107 -0.147354 0 0.0389999 1.67105
20222630 -11.1679 2.74052 -0.148756 0 0.0289999 1.67105
20230309 -11.1526 2.74008 -0.150292 0 0.0189999 1.67305
20236385 -11.1403 2.73984 -0.151553 0 0.0139999 1.67405
20244478 -11.1249 2.73962 -0.153153 0 0.00799994 1.67605
20250078 -11.1128 2.73953 -0.154431 0 0.00499994 1.67705
20256949 -11.099 2.73946 -0.1559 0 0.00299994 1.67805
20263820 -11.0854 2.73942 -0.157371 0 0.000999937 1.67905
20274333 -11.0642 2.73939 -0.159666 0 -0.00300006 1.68105
20277648 -11.0577 2.73941 -0.160391 0 -0.00300006 1.68205
20284669 -11.0439 2.73946 -0.161933 0 -0.00500006 1.68205
20291613 -11.03 2.73953 -0.163484 0 -0.00500006 1.68305
20298509 -11.0164 2.73959 -0.165022 0 -0.00500006 1.68305
20305500 -11.0024 2.73966 -0.166591 0 -0.00500006 1.68305
20312386 -10.9887 2.73973 -0.168141 0 -0.00500006 1.68305
20320137 -10.9734 2.73981 -0.16986 0 -0.00500006 1.68305
20326113 -10.9611 2.73987 -0.171252 0 -0.00500006 1.68305
20333124 -10.9474 2.73994 -0.1728 0 -0.00500006 1.68305
20340024 -10.9335 2.74001 -0.174367 0 -0.00500006 1.68305
20347059 -10.9197 2.74008 -0.175915 0 -0.00500006 1.68305
20357606 -10.8987 2.74019 -0.17828 0 -0.00500006 1.68305
20361912 -10.8906 2.74023 -0.179193 0 -0.00500006 1.68305
20367894 -10.8781 2.74029 -0.180611 0 -0.00500006 1.68305
20375871 -10.863 2.74037 -0.182313 0 -0.00500006 1.68305
20381612 -10.8508 2.74043 -0.183684 0 -0.00500006 1.68305
20388907 -10.8365 2.7405 -0.185292 0 -0.00500006 1.68305
20396890 -10.8215 2.74058 -0.186988 0 -0.00500006 1.68305
20402718 -10.8089 2.74064 -0.188409 0 -0.00500006 1.68305
20410635 -10.7934 2.74072 -0.190152 0 -0.00500006 1.68305
20416453 -10.7816 2.74078 -0.191488 0 -0.00500006 1.68305
20423599 -10.7676 2.74085 -0.193063 0 -0.00500006 1.68305
20430430 -10.7538 2.74092 -0.19462 0 -0.00500006 1.68305
20441020 -10.7329 2.74102 -0.19697 0 -0.00500006 1.68305
20444184 -10.7265 2.74105 -0.197701 0 -0.00500006 1.68305
20451340 -10.7125 2.74112 -0.199277 0 -0.00500006 1.68305
20458239 -10.6985 2.74119 -0.20085 0 -0.00500006 1.68305
20465140 -10.685 2.74126 -0.202372 0 -0.00500006 1.68305
20473090 -10.67 2.74134 -0.204069 0 -0.00500006 1.68305
