60
42211914 -5.05139 2.52091 -0.00526831 0 -0.064 -1.59896
42224043 -5.08507 2.52307 -0.00621702 0 -0.064 -1.59896
42240634 -5.11781 2.52517 -0.00713938 0 -0.064 -1.59896
42257163 -5.15115 2.5273 -0.00807836 0 -0.064 -1.59896
42274049 -5.18447 2.52944 -0.00901701 0 -0.064 -1.59896
42292661 -5.2204 2.53174 -0.0100288 0 -0.064 -1.59896
42307098 -5.25077 2.53369 -0.0108843 0 -0.064 -1.59896
42323880 -5.28402 2.53582 -0.0118209 0 -0.064 -1.59896
42340848 -5.31719 2.53795 -0.0127551 0 -0.064 -1.59896
42357023 -5.35043 2.54008 -0.0136915 0 -0.064 -1.59896
42373906 -5.3838 2.54222 -0.0146313 0 -0.064 -1.59896
42390508 -5.41719 2.54436 -0.015572 0 -0.064 -1.59896
42407329 -5.45042 2.54649 -0.0165078 0 -0.064 -1.59896
42426943 -5.48373 2.54862 -0.017446 0 -0.064 -1.59896
42440494 -5.51691 2.55075 -0.0183808 0 -0.064 -1.59896
42457381 -5.55025 2.55289 -0.0193198 0 -0.064 -1.59896
42473848 -5.58347 2.55502 -0.0202555 0 -0.064 -1.59896
42492742 -5.6193 2.55732 -0.0212648 0 -0.064 -1.59896
42507151 -5.64991 2.55928 -0.022127 0 -0.064 -1.59896
42524184 -5.68341 2.56143 -0.0230704 0 -0.064 -1.59896
42540513 -5.71623 2.56353 -0.0239949 0 -0.064 -1.59896
42557013 -5.74922 2.56565 -0.0249243 0 -0.064 -1.59896
42573576 -5.78248 2.56778 -0.0258611 0 -0.064 -1.59896
42590534 -5.81596 2.56992 -0.026804 0 -0.064 -1.59896
42607177 -5.84945 2.57207 -0.0277474 0 -0.064 -1.59896
42624026 -5.88272 2.57421 -0.0286846 0 -0.064 -1.59896
42640503 -5.91596 2.57634 -0.0296208 0 -0.064 -1.59896
42659162 -5.94922 2.57847 -0.0305575 0 -0.064 -1.59896
42674057 -5.9825 2.5806 -0.0314951 0 -0.064 -1.59896
42695677 -5.9825 2.5806 -0.0314951 0 -0.064 -1.59896
42707189 -5.9825 2.5806 -0.0314951 0 -0.064 -1.59896
42725737 -5.9825 2.5806 -0.0314951 0 -0.064 -1.59896
42740367 -5.9825 2.5806 -0.0314951 0 -0.064 -1.59896
42756979 -5.9825 2.5806 -0.0314951 0 -0.064 -1.59896
42773733 -5.9825 2.5806 -0.0314951 0 -0.064 -1.59896
42790624 -5.9825 2.5806 -0.0314951 0 -0.064 -1.59896
42807189 -5.9825 2.5806 -0.0314951 0 -0.064 -1.59896
42823996 -5.9825 2.5806 -0.0314951 0 -0.064 -1.59896
42840486 -5.9825 2.5806 -0.0314951 0 -0.064 -1.59896
42857392 -5.9825 2.5806 -0.0314951 0 -0.064 -1.59896
42873832 -5.9825 2.5806 -0.0314951 0 -0.064 -1.59896
42890653 -5.9825 2.5806 -0.0314951 0 -0.064 -1.59896
42907128 -5.9825 2.5806 -0.0314951 0 -0.064 -1.59896
42924123 -5.9825 2.5806 -0.0314951 0 -0.064 -1.59896
42942192 -5.9825 2.5806 -0.0314951 0 -0.064 -1.59896
42958384 -5.9825 2.5806 -0.0314951 0 -0.064 -1.59896
42973669 -5.9825 2.5806 -0.0314951 0 -0.064 -1.59896
42992011 -5.9825 2.5806 -0.0314951 0 -0.064 -1.59896
43007185 -5.9825 2.5806 -0.0314951 0 -0.064 -1.59896
43023820 -5.9825 2.5806 -0.0314951 0 -0.064 -1.59896
43040304 -5.9825 2.5806 -0.0314951 0 -0.064 -1.59896
43057214 -5.9825 2.5806 -0.0314951 0 -0.064 -1.59896
43073662 -5.9825 2.5806 -0.0314951 0 -0.064 -1.59896
43093446 -5.9825 2.5806 -0.0314951 0 -0.064 -1.59896
43107012 -5.9825 2.5806 -0.0314951 0 -0.064 -1.59896
43123663 -5.9825 2.5806 -0.0314951 0 -0.064 -1.59896
43141198 -5.9825 2.5806 -0.0314951 0 -0.064 -1.59896
43157732 -5.9825 2.5806 -0.0314951 0 -0.064 -1.59896
43174191 -5.9825 2.5806 -0.0314951 0 -0.064 -1.59896
43191090 -5.9825 2.5806 -0.0314951 0 -0.064 -1.59896
