60
19697032 2.74124 0.997508 -0.34447 0 0.01 -1.59396
19707591 2.70771 0.997172 -0.345246 0 0.01 -1.59396
19724335 2.67459 0.996841 -0.346014 0 0.01 -1.59396
19740782 2.64135 0.996508 -0.346784 0 0.01 -1.59396
19757637 2.608 0.996175 -0.347556 0 0.01 -1.59396
19775677 2.57197 0.995815 -0.348391 0 0.01 -1.59396
19792047 2.53963 0.995491 -0.34914 0 0.01 -1.59396
19808392 2.50664 0.995161 -0.349904 0 0.01 -1.59396
19824053 2.47483 0.994843 -0.350641 0 0.01 -1.59396
19840733 2.4417 0.994511 -0.351408 0 0.01 -1.59396
19857430 2.40813 0.994176 -0.352186 0 0.01 -1.59396
19874273 2.37482 0.993842 -0.352957 0 0.01 -1.59396
19890794 2.34142 0.993508 -0.353731 0 0.01 -1.59396
19907624 2.30814 0.993175 -0.354502 0 0.01 -1.59396
19924138 2.27476 0.992842 -0.355275 0 0.01 -1.59396
19940929 2.24154 0.992509 -0.356045 0 0.01 -1.59396
19957438 2.20818 0.992176 -0.356817 0 0.01 -1.59396
19975821 2.17237 0.991817 -0.357647 0 0.01 -1.59396
19990783 2.14152 0.991509 -0.358362 0 0.01 -1.59396
20007765 2.10793 0.991173 -0.359139 0 0.01 -1.59396
20024112 2.07489 0.990842 -0.359905 0 0.01 -1.59396
20040970 2.04154 0.990509 -0.360677 0 0.01 -1.59396
20057508 2.00811 0.990174 -0.361452 0 0.01 -1.59396
20074468 1.97477 0.989841 -0.362224 0 0.01 -1.59396
20090776 1.94158 0.989509 -0.362993 0 0.01 -1.59396
20107665 1.90827 0.989175 -0.363764 0 0.01 -1.59396
20124091 1.87498 0.988842 -0.364535 0 0.01 -1.59396
20140985 1.84157 0.988508 -0.365309 0 0.01 -1.59396
20157440 1.8083 0.988175 -0.36608 0 0.01 -1.59396
20174338 1.77495 0.987842 -0.366852 0 0.01 -1.59396
20190838 1.74154 0.987508 -0.367626 0 0.01 -1.59396
20207795 1.70803 0.987172 -0.368403 0 0.01 -1.59396
20223982 1.67523 0.986844 -0.369162 0 0.01 -1.59396
20241025 1.64157 0.986508 -0.369942 0 0.01 -1.59396
20257446 1.60835 0.986175 -0.370711 0 0.01 -1.59396
20275436 1.57277 0.985819 -0.371536 0 0.01 -1.59396
20290796 1.54168 0.985508 -0.372256 0 0.01 -1.59396
20307614 1.5084 0.985175 -0.373027 0 0.01 -1.59396
20324117 1.47505 0.984842 -0.373799 0 0.01 -1.59396
20342720 1.43951 0.984486 -0.374622 0 0.01 -1.59396
20357459 1.40838 0.984175 -0.375343 0 0.01 -1.59396
20374260 1.37517 0.983843 -0.376113 0 0.01 -1.59396
20390799 1.34173 0.983508 -0.376887 0 0.01 -1.59396
20409642 1.30574 0.983148 -0.377721 0 0.01 -1.59396
20425604 1.27262 0.982817 -0.378488 0 0.01 -1.59396
20443961 1.23901 0.982481 -0.379267 0 0.01 -1.59396
20457302 1.20872 0.982178 -0.379968 0 0.01 -1.59396
20474110 1.17553 0.981846 -0.380737 0 0.01 -1.59396
20490619 1.1421 0.981511 -0.381511 0 0.01 -1.59396
20507379 1.10882 0.981179 -0.382282 0 0.01 -1.59396
20523930 1.0755 0.980845 -0.383054 0 0.01 -1.59396
20540844 1.04208 0.980511 -0.383828 0 0.01 -1.59396
20557384 1.00867 0.980177 -0.384602 0 0.01 -1.59396
20574302 0.975199 0.979842 -0.385378 0 0.01 -1.59396
20590777 0.941903 0.979509 -0.386149 0 0.01 -1.59396
20609664 0.904521 0.979135 -0.387015 0 0.01 -1.59396
20624163 0.875199 0.978842 -0.387694 0 0.01 -1.59396
20642165 0.840282 0.978492 -0.388503 0 0.01 -1.59396
20657300 0.808852 0.978178 -0.389231 0 0.01 -1.59396
20674111 0.775486 0.977844 -0.390004 0 0.01 -1.59396
