60
65779113 -0.212429 1.65883 -0.0891404 0 0.341 -4.76796
65790520 -0.18289 1.64833 -0.0874973 0 0.341 -4.76796
65808643 -0.149147 1.63634 -0.0856203 0 0.341 -4.76796
65823493 -0.120775 1.62626 -0.0840421 0 0.341 -4.76796
65840406 -0.0894392 1.61512 -0.082299 0 0.341 -4.76796
65856771 -0.0581483 1.604 -0.0805584 0 0.341 -4.76796
65873838 -0.026402 1.59271 -0.0787925 0 0.341 -4.76796
65890675 0.00497359 1.58156 -0.0770473 0 0.341 -4.76796
65908664 0.0384174 1.56968 -0.0751869 0 0.341 -4.76796
65923621 0.067625 1.5593 -0.0735623 0 0.341 -4.76796
65943352 0.100965 1.54745 -0.0717077 0 0.341 -4.76796
65958796 0.13264 1.53619 -0.0699458 0 0.341 -4.76796
65973655 0.161784 1.52583 -0.0683246 0 0.341 -4.76796
65990511 0.193118 1.51469 -0.0665817 0 0.341 -4.76796
66010928 0.22544 1.50321 -0.0647837 0 0.341 -4.76796
66025670 0.259012 1.49128 -0.0629163 0 0.341 -4.76696
66041273 0.287547 1.48113 -0.0613576 0 0.337 -4.76496
66056992 0.318213 1.47038 -0.0597441 0 0.332 -4.76496
66073471 0.349602 1.45954 -0.0580925 0 0.324 -4.76396
66091672 0.38168 1.44875 -0.0564368 0 0.324 -4.76496
66108303 0.413785 1.43795 -0.0547476 0 0.311 -4.76896
66124487 0.444777 1.42798 -0.0529925 0 0.298 -4.77496
66143202 0.478871 1.41748 -0.0508565 0 0.286 -4.78096
66157530 0.508724 1.40868 -0.0488063 0 0.278 -4.78496
66173866 0.540467 1.3996 -0.0464987 0 0.272 -4.78796
66191650 0.574668 1.39004 -0.0439092 0 0.265 -4.79096
66209705 0.607592 1.41529 -0.0413171 0 0.262 -4.79096
66225844 0.639639 1.43995 -0.0387941 0 0.26 -4.79196
66240421 0.668651 1.46233 -0.0364808 0 0.259 -4.79196
66257215 0.70058 1.48698 -0.0339348 0 0.257 -4.79296
66273820 0.732759 1.51187 -0.0313366 0 0.257 -4.79296
66291823 0.766367 1.53787 -0.028623 0 0.256 -4.79296
66306780 0.797052 1.56164 -0.0261454 0 0.255 -4.79296
66323548 0.829134 1.58651 -0.023555 0 0.254 -4.79296
66340294 0.861327 1.61149 -0.0209557 0 0.253 -4.79296
66356985 0.893508 1.63649 -0.0183572 0 0.252 -4.79296
66373642 0.925692 1.66152 -0.0157586 0 0.251 -4.79296
66390422 0.957879 1.68658 -0.0131598 0 0.251 -4.79296
66407927 0.991875 1.71304 -0.0104148 0 0.25 -4.79296
66424611 1.02407 1.73813 -0.00781514 0 0.25 -4.79296
66440238 1.05469 1.762 -0.00534258 0 0.25 -4.79296
66457768 1.08778 1.78778 -0.00267085 0 0.248 -4.79296
66473573 1.1188 1.812 -0.000166451 0 0.247 -4.79296
66490403 1.15103 1.83719 0.00243551 0 0.247 -4.79296
66507303 1.18366 1.86271 0.00507087 0 0.245 -4.79296
66524224 1.21591 1.88797 0.00767476 0 0.245 -4.79296
66540569 1.24804 1.91313 0.0102685 0 0.243 -4.79196
66557511 1.28048 1.93859 0.0128553 0 0.241 -4.79196
66575944 1.31453 1.96537 0.0155703 0 0.238 -4.79096
66592619 1.3471 1.99107 0.018135 0 0.235 -4.78996
66607618 1.37739 2.01503 0.0204886 0 0.235 -4.78996
66624241 1.40971 2.0406 0.0230012 0 0.23 -4.78596
66642202 1.44473 2.06844 0.0255818 0 0.224 -4.77696
66657789 1.47553 2.09307 0.0275736 0 0.219 -4.76696
66673621 1.50651 2.11795 0.0292658 0 0.212 -4.75596
66691252 1.53894 2.11096 0.0306796 0 0.212 -4.75496
66706951 1.5715 2.10395 0.0320662 0 0.207 -4.74296
66724044 1.60435 2.09705 0.0330708 0 0.2 -4.72496
66741578 1.63915 2.08999 0.0335082 0 0.193 -4.69496
66757532 1.66979 2.08401 0.0329741 0 0.193 -4.69496
